Hernandez, F 		19	5	238.2	2.49	81	66	15	1.14	.792	1.63	.287	.318	.605	8.18	2.68	7.54	3.06	15.32
Sabathia, C 		19	8	230.0	3.37	96	86	18	1.15	.704	1.05	.292	.360	.653	7.71	2.62	7.71	2.94	15.65
Verlander, J 		19	9	240.0	3.45	99	92	20	1.18	.679	0.72	.295	.369	.665	10.09	2.36	8.21	4.27	16.48
Wainwright, A 		19	8	233.0	2.63	75	68	17	1.21	.704	1.47	.297	.349	.646	8.19	2.55	8.34	3.21	15.75
Beckett, J 		17	6	212.1	3.86	99	91	25	1.19	.739	1.32	.296	.395	.691	8.43	2.33	8.39	3.62	15.95
Carpenter, C 		17	4	192.2	2.24	49	48	7	1.01	.810	1.93	.272	.310	.581	6.73	1.78	7.29	3.79	14.02
Feldman, S 		17	8	189.2	4.08	87	86	18	1.28	.680	1.35	.319	.374	.693	5.36	3.08	8.45	1.74	16.81
Halladay, R 		17	10	239.0	2.79	82	74	22	1.13	.630	1.66	.285	.382	.667	7.83	1.32	8.81	5.94	14.26
De La Rosa, J 		16	9	185.0	4.38	95	90	20	1.38	.640	1.25	.335	.410	.745	9.39	4.04	8.37	2.33	16.60
Greinke, Z 		16	8	229.1	2.16	64	55	11	1.07	.667	0.92	.276	.336	.611	9.50	2.00	7.65	4.75	15.38
Saunders, J 		16	7	186.0	4.60	102	95	29	1.43	.696	1.39	.340	.454	.794	4.89	3.10	9.77	1.58	16.22
Weaver, J 		16	8	211.0	3.75	91	88	26	1.24	.667	0.59	.304	.420	.723	7.42	2.82	8.36	2.64	16.21
Arroyo, B 		15	13	220.1	3.84	101	94	31	1.27	.536	1.19	.315	.422	.737	5.19	2.66	8.74	1.95	15.48
Baker, S 		15	9	200.0	4.37	99	97	28	1.19	.625	0.64	.293	.416	.709	7.29	2.16	8.55	3.38	16.34
Jimenez, U 		15	12	218.0	3.47	87	84	13	1.23	.556	1.75	.309	.326	.635	8.17	3.51	7.56	2.33	16.48
Johnson, J 		15	5	209.0	3.23	77	75	14	1.16	.750	1.39	.294	.335	.629	8.22	2.50	7.92	3.29	15.76
Lester, J 		15	8	203.1	3.41	80	77	20	1.23	.652	1.43	.301	.366	.667	9.96	2.83	8.23	3.52	16.90
Lincecum, T 		15	7	225.1	2.48	69	62	10	1.05	.682	1.23	.271	.290	.561	10.42	2.72	6.71	3.84	15.50
Lowe, D 		15	10	194.2	4.67	109	101	16	1.52	.600	2.30	.355	.444	.799	5.13	2.91	10.73	1.76	16.55
Marquis, J 		15	13	216.0	4.04	104	97	15	1.38	.536	2.11	.332	.393	.724	4.79	3.33	9.08	1.44	15.08
Pineiro, J 		15	12	214.0	3.49	94	83	11	1.14	.556	2.37	.297	.377	.673	4.42	1.14	9.17	3.89	13.85
Vazquez, J 		15	10	219.1	2.87	75	70	20	1.03	.600	1.09	.266	.346	.612	9.77	1.81	7.43	5.41	15.18
Cain, M 		14	8	217.2	2.89	73	70	22	1.18	.636	0.92	.297	.373	.670	7.07	3.02	7.61	2.34	15.49
Haren, D 		14	10	229.1	3.14	83	80	27	1.00	.583	1.08	.260	.375	.635	8.75	1.49	7.53	5.87	15.17
Jurrjens, J 		14	10	215.0	2.60	71	62	15	1.21	.583	1.12	.304	.356	.660	6.36	3.14	7.79	2.03	15.40
Lee, C 		14	13	231.2	3.22	88	83	17	1.24	.519	1.00	.306	.390	.696	7.03	1.67	9.52	4.21	15.31
Looper, B 		14	7	194.2	5.22	123	113	39	1.49	.667	1.34	.344	.503	.847	4.62	2.96	10.45	1.56	16.87
Pavano, C 		14	12	199.1	5.10	119	113	26	1.37	.538	1.10	.329	.466	.795	6.64	1.76	10.61	3.77	15.69
Pettitte, A 		14	8	194.2	4.16	101	90	20	1.38	.636	1.01	.329	.393	.722	6.84	3.51	8.92	1.95	17.01
Porcello, R 		14	9	170.2	3.96	81	75	23	1.34	.609	1.88	.323	.416	.738	4.69	2.74	9.28	1.71	16.03
Rodriguez, W 		14	12	205.2	3.02	77	69	21	1.24	.538	1.26	.309	.386	.695	8.45	2.76	8.40	3.06	16.49
Buehrle, M 		13	10	213.1	3.84	97	91	27	1.25	.565	1.22	.315	.440	.756	4.43	1.90	9.37	2.33	15.08
Burnett, A 		13	9	207.0	4.04	99	93	25	1.40	.591	1.01	.336	.393	.729	8.48	4.22	8.39	2.01	16.90
Danks, J 		13	11	200.1	3.77	89	84	28	1.28	.542	1.09	.314	.412	.726	6.69	3.28	8.27	2.04	16.06
Gallardo, Y 		13	12	185.2	3.73	78	77	21	1.31	.520	1.17	.316	.385	.701	9.89	4.56	7.27	2.17	17.56
Jackson, E 		13	9	214.0	3.62	93	86	27	1.26	.591	0.87	.310	.415	.726	6.77	2.94	8.41	2.30	16.33
Millwood, K 		13	10	198.2	3.67	88	81	26	1.34	.565	1.10	.327	.423	.750	5.57	3.22	8.83	1.73	16.54
Niemann, J 		13	6	180.2	3.94	84	79	17	1.35	.684	0.96	.330	.399	.728	6.23	2.94	9.22	2.12	16.06
Nolasco, R 		13	9	185.0	5.06	111	104	23	1.25	.591	0.89	.301	.433	.734	9.49	2.14	9.15	4.43	16.53
Romero, R 		13	9	178.0	4.30	88	85	18	1.52	.591	1.96	.366	.425	.790	7.13	3.99	9.71	1.78	17.07
Santana, J 		13	9	166.2	3.13	67	58	20	1.21	.591	0.77	.296	.395	.692	7.88	2.48	8.42	3.17	15.53
Billingsley, C 		12	11	196.1	4.03	94	88	17	1.32	.522	1.21	.327	.376	.703	8.21	3.94	7.93	2.08	16.70
Blanton, J 		12	8	195.1	4.05	89	88	30	1.32	.600	0.94	.321	.438	.759	7.51	2.72	9.12	2.76	16.71
Correia, K 		12	11	198.0	3.91	92	86	17	1.30	.522	1.21	.319	.384	.703	6.45	2.91	8.82	2.22	16.07
Happ, J 		12	4	166.0	2.93	55	54	20	1.23	.750	0.89	.310	.400	.710	6.45	3.04	8.08	2.13	15.96
Lilly, T 		12	9	177.0	3.10	66	61	22	1.06	.571	0.64	.271	.393	.664	7.68	1.83	7.68	4.19	15.12
Moyer, J 		12	10	162.0	4.94	91	89	27	1.36	.545	1.03	.333	.462	.795	5.22	2.39	9.83	2.19	16.42
Padilla, V 		12	6	147.1	4.46	76	73	16	1.43	.667	1.40	.347	.412	.759	5.93	3.30	9.53	1.80	16.63
Wells, R 		12	10	165.1	3.05	67	56	14	1.28	.545	1.35	.316	.365	.680	5.66	2.50	8.98	2.26	15.44
Anderson, B 		11	11	175.1	4.06	94	79	20	1.28	.500	1.46	.312	.399	.711	7.70	2.31	9.24	3.33	16.21
Blackburn, N 		11	11	205.2	4.03	103	92	25	1.37	.500	1.23	.324	.444	.768	4.29	1.79	10.50	2.39	15.09
Cook, A 		11	6	158.0	4.16	76	73	19	1.41	.647	2.21	.333	.441	.774	4.44	2.68	9.97	1.66	15.25
Cueto, J 		11	11	171.1	4.41	90	84	24	1.36	.500	1.00	.336	.444	.780	6.93	3.20	9.04	2.16	16.98
Dempster, R 		11	9	200.0	3.65	94	81	22	1.31	.550	1.35	.321	.410	.731	7.74	2.93	8.82	2.65	15.91
Duke, Z 		11	16	213.0	4.06	101	96	23	1.31	.407	1.40	.325	.440	.764	4.48	2.07	9.76	2.16	14.50
Floyd, G 		11	11	193.0	4.06	93	87	21	1.23	.500	1.38	.301	.379	.680	7.60	2.75	8.30	2.76	15.53
Garland, J 		11	13	204.0	4.01	106	91	23	1.40	.458	1.24	.335	.437	.773	4.81	2.69	9.93	1.79	15.98
Hanson, T 		11	4	127.2	2.89	42	41	10	1.18	.733	1.02	.301	.358	.660	8.18	3.24	7.40	2.52	15.64
Huff, D 		11	8	128.1	5.61	82	80	16	1.56	.579	0.86	.351	.483	.834	4.56	2.88	11.15	1.59	17.63
Lackey, J 		11	8	176.1	3.83	84	75	17	1.27	.579	1.36	.316	.402	.718	7.09	2.40	9.03	2.96	15.83
Ohlendorf, R 		11	10	176.2	3.92	80	77	25	1.23	.524	0.98	.315	.446	.761	5.55	2.70	8.41	2.06	15.39
Palmer, M 		11	2	121.1	3.93	55	53	12	1.32	.846	1.63	.329	.373	.702	5.12	4.08	7.79	1.25	15.90
Parra, M 		11	11	140.0	6.36	108	99	19	1.83	.500	1.38	.386	.479	.865	7.46	4.95	11.51	1.51	18.42
Penny, B 		11	9	173.1	4.88	102	94	22	1.40	.550	1.05	.329	.454	.783	5.66	2.65	9.92	2.14	17.07
Shields, J 		11	12	219.2	4.14	113	101	29	1.32	.478	1.00	.316	.452	.768	6.84	2.13	9.79	3.21	15.25
Wakefield, T 		11	5	129.2	4.58	67	66	12	1.44	.688	0.77	.347	.408	.755	5.00	3.47	9.51	1.44	15.59
Wolf, R 		11	7	214.1	3.23	81	77	24	1.10	.611	0.96	.285	.375	.660	6.72	2.44	7.47	2.76	15.36
Aceves, A 		10	1	84.0	3.54	36	33	10	1.01	.909	0.78	.268	.361	.629	7.39	1.71	7.39	4.31	14.87
Cahill, T 		10	13	178.2	4.63	99	92	27	1.44	.435	1.44	.339	.471	.810	4.53	3.63	9.32	1.25	16.87
Guthrie, J 		10	17	200.0	5.04	120	112	35	1.42	.370	0.78	.336	.492	.828	4.95	2.70	10.08	1.83	16.82
Hamels, C 		10	11	193.2	4.32	95	93	24	1.29	.476	1.03	.315	.440	.755	7.81	2.00	9.57	3.91	16.14
Hammel, J 		10	8	176.2	4.33	94	85	17	1.39	.556	1.37	.334	.441	.775	6.78	2.14	10.34	3.17	15.84
Kazmir, S 		10	9	147.1	4.89	85	80	16	1.42	.526	0.66	.333	.410	.743	7.15	3.67	9.10	1.95	17.96
Pelfrey, M 		10	12	184.1	5.03	112	103	18	1.51	.455	1.51	.350	.428	.779	5.22	3.22	10.40	1.62	17.13
Price, D 		10	7	128.1	4.42	72	63	17	1.35	.588	1.04	.319	.397	.716	7.15	3.79	8.35	1.89	17.78
Slowey, K 		10	3	90.2	4.86	50	49	15	1.41	.769	0.61	.340	.503	.843	7.44	1.49	11.22	5.00	15.75
Zito, B 		10	13	192.0	4.03	89	86	21	1.35	.435	0.97	.332	.388	.720	7.22	3.80	8.39	1.90	16.73
Chamberlain, J 		9	6	157.1	4.75	94	83	21	1.54	.600	1.04	.363	.439	.802	7.61	4.35	9.55	1.75	17.51
Davis, D 		9	14	203.1	4.12	101	93	25	1.50	.391	1.12	.355	.424	.779	6.46	4.56	8.99	1.42	17.15
Harden, R 		9	9	141.0	4.09	74	64	23	1.34	.500	0.85	.327	.407	.734	10.91	4.28	7.79	2.55	17.84
Hernandez, L 		9	12	183.2	5.44	112	111	19	1.56	.429	1.10	.363	.470	.833	5.00	3.28	10.78	1.52	16.24
Hunter, T 		9	6	112.0	4.10	55	51	13	1.30	.600	0.88	.313	.423	.736	5.14	2.65	9.08	1.94	15.58
Lannan, J 		9	13	206.1	3.88	100	89	22	1.35	.409	1.72	.329	.421	.750	3.88	2.97	9.16	1.31	15.18
Peavy, J 		9	6	101.2	3.45	41	39	8	1.12	.600	1.03	.283	.332	.615	9.74	3.01	7.08	3.24	15.60
Richard, C 		9	5	153.0	4.41	81	75	17	1.47	.643	1.28	.348	.408	.756	6.71	4.18	9.06	1.61	17.22
Scherzer, M 		9	11	170.1	4.12	94	78	20	1.34	.450	1.04	.325	.426	.751	9.19	3.33	8.77	2.76	18.06
Volstad, C 		9	13	159.0	5.21	100	92	29	1.43	.409	1.66	.343	.479	.822	6.06	3.34	9.57	1.81	16.36
Washburn, J 		9	9	176.0	3.78	77	74	23	1.19	.500	0.83	.299	.397	.696	5.11	2.51	8.18	2.04	15.52
Zambrano, C 		9	7	169.1	3.77	78	71	10	1.38	.563	1.18	.335	.350	.685	8.08	4.15	8.24	1.95	16.86
Bailey, H 		8	5	113.1	4.53	61	57	12	1.47	.615	0.94	.346	.395	.740	6.83	4.13	9.13	1.65	17.81
Braden, D 		8	9	136.2	3.89	63	59	9	1.36	.471	0.76	.321	.397	.718	5.33	2.77	9.48	1.93	15.69
Breslow, C 		8	7	69.2	3.36	31	26	8	1.11	.533	0.58	.289	.324	.613	7.11	3.75	6.20	1.90	15.99
Davies, K 		8	9	123.0	5.27	76	72	18	1.53	.471	1.08	.359	.423	.782	6.29	4.83	8.93	1.30	17.76
Garza, M 		8	12	203.0	3.95	93	89	25	1.26	.400	0.90	.311	.384	.695	8.38	3.50	7.85	2.39	16.95
Holland, D 		8	13	138.1	6.12	98	94	26	1.50	.381	0.99	.346	.510	.856	6.96	3.06	10.41	2.28	16.16
Hughes, P 		8	3	86.0	3.03	31	29	8	1.12	.727	0.72	.288	.347	.635	10.05	2.93	7.12	3.43	17.03
Johnson, R 		8	6	96.0	4.88	55	52	19	1.33	.571	1.29	.322	.503	.824	8.06	2.91	9.09	2.77	15.74
Kershaw, C 		8	8	171.0	2.79	55	53	7	1.23	.500	0.91	.306	.282	.588	9.74	4.79	6.26	2.03	17.81
Kuroda, H 		8	7	117.1	3.76	59	49	12	1.14	.533	1.58	.282	.394	.676	6.67	1.84	8.44	3.63	15.52
Maholm, P 		8	9	194.2	4.44	102	96	14	1.44	.471	1.63	.346	.427	.773	5.50	2.77	10.22	1.98	15.76
Moehler, B 		8	12	154.2	5.47	101	94	21	1.54	.400	1.28	.353	.490	.843	5.30	2.97	10.88	1.78	16.33
Oswalt, R 		8	6	181.1	4.12	83	83	19	1.24	.571	1.22	.313	.419	.732	6.85	2.08	9.08	3.29	15.39
Richmond, S 		8	11	138.2	5.52	90	85	27	1.49	.421	0.78	.338	.495	.833	7.59	3.83	9.54	1.98	17.29
Sanchez, J 		8	12	163.1	4.24	82	77	19	1.37	.400	0.94	.324	.384	.708	9.75	4.85	7.44	2.01	17.55
Santana, E 		8	8	139.2	5.03	83	78	24	1.47	.500	0.94	.354	.479	.833	6.89	3.03	10.25	2.28	16.63
West, S 		8	6	103.1	4.79	62	55	11	1.54	.571	0.90	.351	.450	.801	6.10	3.83	10.02	1.59	16.58
Badenhop, B 		7	4	72.0	3.75	32	30	5	1.32	.636	1.98	.320	.359	.679	7.13	3.00	8.88	2.38	16.36
Bannister, B 		7	12	154.0	4.73	94	81	15	1.37	.368	1.31	.323	.389	.713	5.73	2.92	9.41	1.96	16.49
Batista, M 		7	4	71.1	4.04	37	32	7	1.65	.636	1.30	.373	.411	.783	6.56	4.92	9.97	1.33	17.27
Bergesen, B 		7	5	123.1	3.43	52	47	11	1.28	.583	1.63	.316	.398	.714	4.74	2.34	9.19	2.03	15.15
Broxton, J 		7	2	76.0	2.61	24	22	4	0.96	.778	1.40	.247	.232	.479	13.50	3.43	5.21	3.93	16.29
Buchholz, C 		7	4	92.0	4.21	44	43	13	1.38	.636	1.71	.325	.404	.729	6.65	3.52	8.90	1.89	16.62
Cecil, B 		7	4	93.1	5.30	59	55	17	1.65	.636	1.10	.377	.517	.894	6.65	3.66	11.19	1.82	17.29
Crain, J 		7	4	51.2	4.70	28	27	3	1.45	.636	1.07	.352	.370	.722	7.49	4.70	8.36	1.59	17.44
Frasor, J 		7	3	57.2	2.50	17	16	4	1.02	.700	0.75	.270	.286	.556	8.74	2.50	6.71	3.50	16.72
Gorzelanny, T 		7	3	47.0	5.55	30	29	6	1.32	.700	1.13	.313	.394	.708	9.00	3.26	8.62	2.76	16.49
Hampton, M 		7	10	112.0	5.30	71	66	13	1.55	.412	1.82	.364	.463	.827	5.95	3.70	10.29	1.61	16.55
Hochevar, L 		7	13	143.0	6.55	109	104	23	1.49	.350	1.37	.351	.501	.852	6.67	2.90	10.51	2.30	16.52
Howell, J 		7	5	66.2	2.84	22	21	7	1.20	.583	1.47	.301	.326	.627	10.67	4.46	6.35	2.39	17.07
Kawakami, K 		7	12	156.1	3.86	73	67	15	1.34	.368	1.09	.328	.438	.766	6.04	3.28	8.81	1.84	15.86
Laffey, A 		7	9	121.2	4.44	69	60	9	1.62	.438	1.42	.369	.408	.777	4.36	4.22	10.36	1.04	16.39
Maine, J 		7	6	81.1	4.43	42	40	8	1.29	.538	0.76	.318	.358	.676	6.09	4.20	7.41	1.45	17.02
McCarthy, B 		7	4	97.1	4.62	55	50	13	1.36	.636	0.88	.321	.418	.739	6.01	3.33	8.88	1.81	16.37
Miner, Z 		7	5	92.1	4.29	49	44	11	1.58	.583	1.33	.364	.429	.793	6.04	4.39	9.84	1.38	17.69
Owings, M 		7	12	119.2	5.34	75	71	18	1.59	.368	0.77	.364	.435	.799	5.11	4.81	9.48	1.06	17.46
Ramirez, R 		7	4	69.2	2.84	26	22	7	1.33	.636	0.77	.326	.385	.711	6.72	4.13	7.88	1.63	17.37
Rauch, J 		7	3	70.0	3.60	30	28	6	1.33	.700	0.80	.321	.401	.722	6.30	2.96	9.00	2.13	16.24
Snell, I 		7	10	145.0	4.84	82	78	14	1.59	.412	0.89	.363	.446	.809	5.52	5.15	9.19	1.07	17.66
Suppan, J 		7	12	161.2	5.29	106	95	25	1.69	.368	1.58	.387	.512	.899	4.45	4.12	11.13	1.08	16.99
Tallet, B 		7	9	160.2	5.32	99	95	20	1.50	.438	0.84	.345	.444	.789	6.72	4.03	9.47	1.67	16.68
Wellemeyer, T 		7	10	122.1	5.89	88	80	19	1.77	.412	0.88	.399	.508	.907	5.74	4.19	11.77	1.37	17.36
Bailey, A 		6	3	83.1	1.84	17	17	5	0.88	.667	0.86	.228	.248	.476	9.83	2.59	5.29	3.79	15.23
Bell, H 		6	4	69.2	2.71	21	21	3	1.12	.600	1.13	.281	.287	.568	10.21	3.10	6.98	3.29	17.31
Berken, J 		6	12	119.2	6.54	92	87	19	1.74	.333	0.99	.384	.522	.906	4.96	3.31	12.33	1.50	17.15
Bulger, J 		6	1	65.2	3.56	26	26	7	1.16	.857	1.29	.300	.383	.682	9.32	4.11	6.30	2.27	15.23
Condrey, C 		6	2	42.0	3.00	17	14	4	1.21	.750	2.22	.299	.346	.645	5.36	3.00	7.93	1.79	15.31
Contreras, J 		6	13	131.2	4.92	86	72	13	1.47	.316	1.33	.345	.419	.764	7.25	3.62	9.64	2.00	17.19
Feliciano, P 		6	4	59.1	3.03	25	20	7	1.16	.600	2.31	.288	.394	.681	8.95	2.73	7.74	3.28	15.49
Fulchino, J 		6	4	82.0	3.40	33	31	7	1.18	.600	1.27	.301	.379	.680	7.79	2.96	7.68	2.63	16.34
Galarraga, A 		6	10	143.2	5.64	93	90	24	1.57	.375	0.95	.360	.487	.847	5.95	4.20	9.90	1.42	17.14
Gaudin, C 		6	10	147.1	4.64	85	76	14	1.51	.375	1.10	.350	.396	.747	8.49	4.64	8.92	1.83	17.52
Gonzalez, G 		6	7	98.2	5.75	68	63	14	1.71	.462	1.27	.375	.471	.846	9.94	5.11	10.31	1.95	18.82
Harang, A 		6	14	162.1	4.21	82	76	24	1.41	.300	0.76	.334	.463	.797	7.87	2.38	10.31	3.30	16.52
Hendrickson, M 		6	5	105.0	4.37	59	51	16	1.42	.545	1.30	.332	.477	.809	5.23	2.83	9.94	1.85	15.86
Jakubauskas, C 		6	7	93.0	5.32	60	55	15	1.27	.462	1.07	.308	.461	.769	4.55	2.61	8.81	1.74	16.83
Jepsen, K 		6	4	54.2	4.94	33	30	2	1.50	.600	1.63	.346	.347	.693	7.90	3.13	10.37	2.53	16.81
Lohse, K 		6	10	117.2	4.74	69	62	16	1.37	.375	1.11	.322	.449	.772	5.89	2.75	9.56	2.14	16.77
Lyon, B 		6	5	78.2	2.86	25	25	7	1.11	.545	1.42	.288	.341	.629	6.52	3.55	6.41	1.84	15.18
Meche, G 		6	10	129.0	5.09	81	73	17	1.57	.375	1.35	.353	.462	.815	6.63	4.05	10.05	1.64	17.75
Moylan, P 		6	2	73.0	2.84	29	23	0	1.37	.750	2.95	.334	.317	.651	7.52	4.32	8.01	1.74	15.96
Norris, B 		6	3	55.2	4.53	29	28	9	1.51	.667	0.78	.351	.447	.798	8.73	4.04	9.54	2.16	17.19
Okajima, H 		6	0	61.0	3.39	23	23	8	1.26	1.000	0.52	.310	.394	.704	7.82	3.10	8.26	2.52	17.08
Pena, R 		6	5	70.0	3.99	37	31	7	1.44	.545	1.19	.332	.416	.748	7.07	2.57	10.41	2.75	15.91
Perkins, G 		6	7	96.1	5.89	64	63	13	1.48	.462	1.05	.341	.461	.802	4.20	2.15	11.21	1.96	15.33
Seay, B 		6	3	48.2	4.25	23	23	3	1.29	.667	0.96	.322	.374	.696	6.84	3.14	8.51	2.18	16.29
Sonnanstine, A 		6	9	99.2	6.77	85	75	19	1.66	.400	1.13	.364	.525	.889	5.42	3.07	11.83	1.76	17.24
Sowers, J 		6	11	123.1	5.25	73	72	11	1.51	.353	0.84	.350	.423	.773	3.72	3.79	9.78	0.98	16.48
Thornton, M 		6	3	72.1	2.74	22	22	5	1.08	.667	1.17	.273	.326	.599	10.82	2.49	7.22	4.35	16.27
Weaver, J 		6	4	79.0	3.65	34	32	7	1.52	.600	1.10	.357	.442	.799	7.29	3.76	9.91	1.94	16.99
Wuertz, M 		6	1	78.2	2.63	25	23	6	0.95	.857	1.00	.248	.319	.567	11.67	2.63	5.95	4.43	16.61
Albaladejo, J 		5	1	34.1	5.24	23	20	6	1.66	.833	1.86	.382	.522	.905	5.50	4.19	10.75	1.31	17.48
Balfour, G 		5	4	67.1	4.81	38	36	6	1.37	.556	0.73	.326	.355	.681	9.22	4.41	7.89	2.09	17.96
Bass, B 		5	3	86.1	4.90	52	47	11	1.74	.625	2.53	.390	.454	.844	5.63	4.59	11.05	1.23	17.17
Bedard, E 		5	3	83.0	2.82	29	26	8	1.19	.625	1.09	.298	.329	.627	9.76	3.69	7.05	2.65	17.59
Bruney, B 		5	0	39.0	3.92	17	17	6	1.51	1.000	0.64	.347	.412	.759	8.31	5.31	8.31	1.57	17.74
Bush, D 		5	9	114.1	6.38	84	81	19	1.47	.357	0.86	.365	.521	.886	7.01	2.91	10.31	2.41	16.31
Carrasco, D 		5	1	93.1	3.76	42	39	5	1.41	.833	1.35	.333	.381	.715	5.98	2.80	9.93	2.14	15.66
Delcarmen, M 		5	2	59.2	4.53	34	30	5	1.64	.714	0.99	.370	.426	.796	6.64	5.13	9.65	1.29	19.07
Duensing, B 		5	2	84.0	3.64	37	34	7	1.37	.714	1.04	.331	.369	.700	5.68	3.32	9.00	1.71	15.76
Gonzalez, M 		5	4	74.1	2.42	28	20	7	1.20	.556	0.90	.311	.347	.658	10.90	4.00	6.78	2.73	17.68
Gregg, K 		5	6	68.2	4.72	38	36	13	1.31	.455	0.85	.312	.427	.740	9.31	3.93	7.86	2.37	19.17
Guerrier, M 		5	1	76.1	2.36	23	20	10	0.97	.833	1.02	.259	.339	.598	5.54	1.89	6.84	2.94	14.24
Hernandez, R 		5	12	125.1	6.32	97	88	16	1.76	.294	1.95	.387	.465	.852	5.67	5.03	10.84	1.13	18.11
Kelley, S 		5	4	46.0	4.50	23	23	9	1.17	.556	0.47	.302	.440	.742	8.02	1.76	8.80	4.56	16.50
Lehr, J 		5	3	65.1	5.37	39	39	14	1.53	.625	0.85	.361	.500	.861	4.55	3.86	9.92	1.18	16.47
Liriano, F 		5	13	136.2	5.80	93	88	21	1.55	.278	0.95	.361	.469	.830	8.03	4.28	9.68	1.88	17.09
Madson, R 		5	5	77.1	3.26	29	28	7	1.23	.500	1.34	.309	.364	.673	9.08	2.56	8.50	3.55	15.45
Martin, J 		5	4	77.0	4.44	40	38	14	1.42	.556	0.70	.341	.489	.830	4.32	2.81	9.94	1.54	16.78
Martinez, P 		5	1	44.2	3.63	18	18	7	1.25	.833	0.76	.317	.472	.789	7.46	1.61	9.67	4.63	16.32
Martis, S 		5	3	85.2	5.25	52	50	11	1.42	.625	0.83	.339	.433	.771	3.57	4.10	8.72	0.87	15.92
Masset, N 		5	1	76.0	2.37	22	20	6	1.03	.833	1.67	.268	.316	.584	8.29	2.84	6.39	2.92	14.16
Matusz, B 		5	2	44.2	4.63	24	23	6	1.48	.714	0.61	.340	.483	.823	7.66	2.82	10.48	2.71	16.68
McDonald, J 		5	5	63.0	4.00	34	28	6	1.49	.500	0.89	.356	.369	.725	7.71	4.86	8.57	1.59	18.21
Medders, B 		5	1	68.2	3.01	26	23	6	1.38	.833	0.88	.332	.366	.698	7.60	4.19	8.26	1.81	16.62
Morton, C 		5	9	97.0	4.55	49	49	7	1.46	.357	1.29	.354	.407	.761	5.75	3.71	9.46	1.55	16.60
Nippert, D 		5	3	69.2	3.88	31	30	7	1.33	.625	0.87	.324	.372	.696	6.98	3.75	8.27	1.86	17.25
Oliver, D 		5	1	73.0	2.71	22	22	5	1.14	.833	1.10	.304	.346	.651	8.01	2.71	7.52	2.95	16.04
Romo, S 		5	2	34.0	3.97	15	15	1	1.21	.714	0.56	.298	.333	.631	10.85	2.91	7.94	3.73	17.24
Rowland-Smith, R 		5	4	96.1	3.74	43	40	9	1.18	.556	0.80	.295	.374	.669	4.86	2.52	8.13	1.93	15.64
Tomko, B 		5	3	57.1	3.77	24	24	12	1.10	.625	0.77	.283	.448	.731	5.18	2.04	7.85	2.54	16.05
Troncoso, R 		5	4	82.2	2.72	30	25	3	1.42	.556	1.87	.343	.332	.675	5.99	3.70	9.04	1.62	16.34
Villone, R 		5	6	48.2	4.25	25	23	6	1.71	.455	0.95	.379	.461	.840	6.10	5.36	9.99	1.14	19.23
Wilson, B 		5	6	72.1	2.74	27	22	3	1.20	.455	1.26	.294	.301	.595	10.33	3.36	7.47	3.07	18.26
Wilson, C 		5	6	73.2	2.81	29	23	3	1.33	.455	1.98	.325	.326	.651	10.26	3.91	8.06	2.63	17.74
Baez, D 		4	6	71.2	4.02	36	32	8	1.13	.400	2.49	.292	.342	.634	5.02	2.76	7.41	1.82	14.76
Belisario, R 		4	3	70.2	2.04	21	16	4	1.15	.571	1.70	.294	.286	.580	8.15	3.69	6.62	2.21	15.71
Betancourt, R 		4	3	56.0	2.73	20	17	4	1.11	.571	0.58	.276	.328	.604	9.80	3.21	6.75	3.05	16.63
Buckner, B 		4	6	77.1	6.40	57	55	12	1.59	.400	1.58	.371	.485	.856	7.45	3.38	10.94	2.21	17.09
Capps, M 		4	8	54.1	5.80	36	35	10	1.66	.333	1.09	.373	.533	.907	7.62	2.82	12.09	2.71	17.32
Clippard, T 		4	2	60.1	2.69	20	18	9	1.13	.667	0.55	.284	.349	.633	9.99	4.77	5.37	2.09	16.36
Coffey, T 		4	4	83.2	2.90	28	27	8	1.16	.500	1.61	.299	.370	.670	6.99	2.26	8.18	3.10	15.16
Coke, P 		4	3	60.0	4.50	34	30	10	1.07	.571	0.86	.274	.393	.668	7.35	3.00	6.60	2.45	15.58
DiFelice, M 		4	1	51.2	3.66	21	21	6	1.24	.800	0.51	.301	.405	.706	8.36	2.61	8.54	3.20	15.97
Franklin, R 		4	3	61.0	1.92	13	13	2	1.20	.571	1.13	.296	.296	.592	6.49	3.54	7.23	1.83	16.11
French, L 		4	5	67.1	5.21	45	39	11	1.71	.444	0.47	.375	.520	.895	5.61	3.74	11.63	1.50	17.33
Gutierrez, J 		4	3	71.0	4.06	33	32	2	1.37	.571	0.80	.328	.332	.660	8.37	3.80	8.49	2.20	16.62
Harrison, M 		4	5	63.1	6.11	43	43	9	1.64	.444	1.32	.376	.500	.876	4.83	3.27	11.51	1.48	16.89
Hart, K 		4	9	81.0	5.44	55	49	11	1.74	.308	1.18	.391	.486	.877	5.78	4.89	10.78	1.18	18.28
Hawksworth, B 		4	0	40.0	2.03	10	9	2	1.10	1.000	1.63	.288	.324	.612	4.50	3.38	6.53	1.33	14.30
Heilman, A 		4	4	72.1	4.11	34	33	9	1.41	.500	1.05	.339	.415	.754	8.09	4.23	8.46	1.91	18.06
Hernandez, D 		4	10	101.1	5.42	62	61	27	1.62	.286	0.50	.359	.554	.912	6.04	4.09	10.48	1.48	19.07
Herrera, D 		4	4	61.2	3.06	30	21	5	1.41	.500	1.96	.344	.404	.747	6.42	3.50	9.19	1.83	16.70
Johnson, J 		4	6	70.0	4.11	32	32	8	1.37	.400	1.70	.332	.415	.747	6.30	2.96	9.39	2.13	16.13
Karstens, J 		4	6	108.0	5.42	66	65	12	1.48	.400	0.89	.348	.478	.827	4.33	3.75	9.58	1.16	16.02
Latos, M 		4	5	50.2	4.62	29	26	7	1.30	.444	0.80	.316	.373	.689	6.93	4.09	7.64	1.70	17.25
Masterson, J 		4	10	129.1	4.52	73	65	12	1.45	.286	1.76	.351	.389	.740	8.28	4.18	8.91	1.98	17.02
Matsuzaka, D 		4	6	59.1	5.76	38	38	10	1.87	.400	0.71	.401	.534	.935	8.19	4.55	12.29	1.80	18.69
Mazzaro, V 		4	9	91.1	5.32	61	54	12	1.74	.308	0.91	.386	.487	.873	5.81	3.84	11.82	1.51	18.20
McClellan, K 		4	4	66.2	3.38	27	25	4	1.35	.500	1.47	.325	.314	.639	6.89	4.59	7.56	1.50	16.91
Meredith, C 		4	2	65.1	3.99	31	29	4	1.50	.667	2.23	.364	.383	.747	5.10	3.44	10.06	1.48	15.49
Miller, T 		4	1	43.2	2.06	11	10	5	0.96	.800	0.73	.257	.331	.589	9.48	2.27	6.39	4.18	14.45
Motte, J 		4	4	56.2	4.76	32	30	10	1.41	.500	0.90	.336	.468	.804	8.58	3.65	9.05	2.35	16.69
Myers, B 		4	3	70.2	4.84	38	38	18	1.37	.571	1.49	.336	.537	.872	6.37	2.93	9.42	2.17	16.26
O'Sullivan, S 		4	2	51.2	5.92	34	34	12	1.47	.667	0.88	.344	.576	.920	5.05	2.79	10.45	1.81	17.73
Outman, J 		4	1	67.1	3.48	30	26	9	1.16	.800	0.84	.284	.356	.640	7.08	3.34	7.08	2.12	16.53
Oviedo, J 		4	6	68.2	4.06	33	31	13	1.25	.400	0.90	.311	.434	.745	7.86	3.54	7.73	2.22	16.30
Parnell, B 		4	8	88.1	5.30	56	52	8	1.66	.333	1.04	.368	.401	.769	7.54	4.69	10.29	1.61	18.62
Perez, R 		4	3	48.0	7.31	41	39	5	1.90	.571	2.17	.412	.487	.899	6.00	4.69	12.38	1.28	16.23
Pinto, R 		4	1	61.1	3.23	25	22	4	1.60	.800	1.10	.365	.348	.713	8.51	6.60	7.78	1.29	18.31
Rincon, J 		4	2	36.2	6.87	29	28	4	1.53	.667	1.41	.350	.385	.735	8.59	6.38	7.36	1.35	17.26
Sampson, C 		4	2	55.1	5.04	34	31	2	1.57	.667	1.71	.352	.427	.779	5.37	3.42	10.73	1.57	16.12
Sanches, B 		4	2	56.1	2.56	18	16	5	1.35	.667	0.62	.335	.352	.687	8.15	4.15	7.99	1.96	17.34
Sanchez, A 		4	8	86.0	3.87	39	37	10	1.51	.333	1.08	.344	.413	.756	7.43	4.81	8.79	1.54	17.21
Speier, J 		4	2	40.0	5.18	23	23	7	1.48	.667	0.82	.352	.440	.792	8.78	3.38	9.90	2.60	17.90
Stammen, C 		4	7	105.2	5.11	67	60	14	1.29	.364	1.39	.313	.461	.774	4.09	2.04	9.54	2.00	15.06
Stauffer, T 		4	7	73.0	3.58	31	29	8	1.44	.364	1.31	.350	.405	.755	6.53	4.19	8.75	1.56	17.37
Stetter, M 		4	1	45.0	3.60	19	18	4	1.42	.800	0.77	.340	.345	.685	8.80	5.40	7.40	1.63	18.73
Street, H 		4	1	61.2	3.06	22	21	7	0.91	.800	0.98	.236	.324	.561	10.22	1.90	6.28	5.38	14.48
Stults, E 		4	3	50.0	4.86	27	27	3	1.54	.571	0.84	.368	.421	.789	5.94	4.68	9.18	1.27	17.70
Tejeda, R 		4	2	73.2	3.54	30	29	4	1.26	.667	0.60	.309	.241	.550	10.63	6.11	5.25	1.74	18.56
Valverde, J 		4	2	54.0	2.33	15	14	5	1.13	.667	0.78	.289	.337	.626	9.33	3.50	6.67	2.67	16.48
Veras, J 		4	3	50.1	5.19	33	29	8	1.39	.571	0.87	.344	.412	.756	7.15	5.01	7.51	1.43	18.14
Villanueva, C 		4	10	96.0	5.34	58	57	13	1.43	.286	1.12	.333	.444	.776	7.78	3.28	9.56	2.37	17.26
Volquez, E 		4	2	49.2	4.35	25	24	6	1.33	.667	1.27	.329	.354	.683	8.52	5.80	6.16	1.47	17.21
Weathers, D 		4	6	62.0	3.92	29	27	10	1.31	.400	1.13	.318	.430	.748	5.37	4.06	7.69	1.32	16.55
Wheeler, D 		4	5	57.2	3.28	22	21	11	0.87	.444	0.67	.231	.427	.659	7.02	1.40	6.40	5.00	13.70
Young, C 		4	6	76.0	5.21	47	44	12	1.45	.400	0.47	.337	.435	.772	5.92	4.74	8.29	1.25	17.16
Aardsma, D 		3	6	71.1	2.52	23	20	4	1.16	.333	0.40	.283	.271	.555	10.09	4.29	6.18	2.35	17.83
Albers, M 		3	6	67.0	5.51	43	41	3	1.73	.333	1.54	.388	.409	.797	6.58	4.84	10.75	1.36	18.00
Belisle, M 		3	1	31.0	5.52	21	19	6	1.29	.750	1.15	.308	.472	.780	6.39	1.45	10.16	4.40	16.71
Burke, G 		3	3	45.2	4.14	23	21	4	1.55	.500	1.22	.358	.407	.765	6.50	4.53	9.46	1.43	17.50
Burns, M 		3	5	51.2	5.75	36	33	10	1.49	.375	0.84	.345	.539	.884	6.79	2.96	10.45	2.29	16.63
Colon, B 		3	6	62.1	4.19	42	29	13	1.44	.333	1.16	.338	.516	.854	5.49	3.03	9.96	1.81	15.99
Cormier, L 		3	3	77.1	3.26	31	28	6	1.29	.500	1.60	.307	.372	.679	4.19	2.91	8.73	1.44	16.07
Cruz, J 		3	4	50.1	5.72	34	32	6	1.49	.429	0.38	.349	.412	.760	6.79	5.19	8.23	1.31	19.09
Donnelly, B 		3	0	25.1	1.78	8	5	1	1.22	1.000	0.79	.314	.348	.662	8.88	3.20	7.82	2.78	15.39
Dotel, O 		3	3	62.1	3.32	26	23	7	1.44	.500	0.74	.340	.425	.764	10.83	5.20	7.80	2.08	18.26
Eaton, A 		3	5	49.0	8.08	44	44	10	1.88	.375	0.73	.393	.573	.966	6.43	4.96	11.94	1.30	19.63
Figueroa, N 		3	8	70.1	4.09	33	32	8	1.48	.273	0.89	.356	.436	.792	7.55	3.07	10.24	2.46	17.26
Fister, D 		3	4	61.0	4.13	29	28	11	1.28	.429	0.96	.313	.469	.781	5.31	2.21	9.30	2.40	15.79
Gallagher, S 		3	2	19.2	5.95	16	13	1	1.93	.600	0.79	.421	.413	.834	6.41	5.49	11.90	1.17	19.83
Garcia, F 		3	4	56.0	4.34	27	27	4	1.21	.429	1.15	.297	.394	.690	5.95	1.93	9.00	3.08	14.79
Grabow, J 		3	0	72.1	3.36	28	27	5	1.41	1.000	0.93	.335	.335	.670	7.09	4.98	7.71	1.43	16.06
Guzman, A 		3	3	61.0	2.95	20	20	8	1.05	.500	1.40	.271	.346	.617	6.93	3.39	6.05	2.04	15.85
Herges, M 		3	1	34.2	3.38	14	13	5	1.21	.750	1.48	.288	.406	.693	6.75	2.08	8.83	3.25	17.05
Hill, R 		3	3	57.2	7.80	53	50	7	1.87	.500	0.71	.399	.487	.886	7.18	6.24	10.61	1.15	19.51
Hoffman, T 		3	2	54.0	1.83	11	11	2	0.91	.600	0.72	.240	.241	.481	8.00	2.33	5.83	3.43	14.00
Jenks, B 		3	4	53.1	3.71	24	22	9	1.28	.429	1.35	.307	.418	.725	8.27	2.70	8.78	3.06	15.73
Kendrick, K 		3	1	26.1	3.42	11	10	1	1.37	.750	2.30	.333	.303	.636	5.13	3.08	9.23	1.67	14.96
League, B 		3	6	74.2	4.58	40	38	8	1.25	.333	2.31	.325	.411	.735	9.16	2.53	8.68	3.62	15.21
LeBlanc, W 		3	1	46.1	3.69	19	19	6	1.17	.750	0.79	.304	.365	.669	5.83	3.69	6.80	1.58	16.75
Linebrink, S 		3	7	56.0	4.66	34	29	9	1.66	.300	0.82	.371	.504	.875	8.84	3.70	11.25	2.39	19.07
Lopez, R 		3	1	30.0	5.70	24	19	3	1.77	.750	0.94	.387	.524	.911	5.70	3.30	12.60	1.73	16.33
Marshall, S 		3	7	85.1	4.32	43	41	10	1.44	.300	1.63	.339	.437	.776	7.17	3.38	9.60	2.13	16.80
Martinez, J 		3	2	30.0	7.50	27	25	4	1.93	.600	2.13	.404	.550	.954	5.70	3.60	13.80	1.58	18.20
McClung, S 		3	3	62.0	4.94	34	34	11	1.63	.500	0.93	.371	.457	.828	5.81	5.66	9.00	1.03	17.98
Medlen, K 		3	5	67.2	4.26	34	32	5	1.40	.375	1.03	.337	.394	.731	9.58	3.99	8.65	2.40	16.32
Meyer, D 		3	2	58.1	3.09	24	20	7	1.17	.600	0.68	.289	.349	.638	8.64	3.24	7.25	2.67	16.73
Miller, A 		3	5	80.0	4.84	52	43	7	1.60	.375	1.54	.361	.431	.792	6.64	4.84	9.56	1.37	17.43
Miller, J 		3	3	56.2	3.18	20	20	7	1.31	.500	0.94	.323	.407	.730	5.72	4.29	7.46	1.33	15.71
Misch, P 		3	4	62.1	4.48	31	31	9	1.44	.429	1.12	.348	.452	.800	3.32	3.18	9.82	1.05	15.03
Mitre, S 		3	3	51.2	6.79	45	39	10	1.63	.500	2.66	.361	.511	.872	5.57	2.26	12.37	2.46	16.99
Mock, G 		3	10	91.1	5.62	65	57	9	1.73	.231	1.46	.380	.468	.848	7.09	4.34	11.23	1.64	17.91
Morales, F 		3	2	40.0	4.50	22	20	4	1.53	.600	0.55	.352	.349	.701	9.23	5.18	8.55	1.78	18.05
Mota, G 		3	4	65.1	3.44	25	25	6	1.18	.429	0.80	.304	.367	.671	5.37	3.31	7.30	1.63	16.97
Mujica, E 		3	5	93.2	3.94	47	41	14	1.28	.375	0.80	.306	.441	.747	7.30	1.83	9.70	4.00	15.40
Nelson, J 		3	0	40.1	4.02	22	18	7	1.46	1.000	0.57	.333	.420	.753	8.03	6.02	7.14	1.33	18.57
Nieve, F 		3	3	36.2	2.95	13	12	4	1.50	.500	0.65	.354	.394	.749	5.65	4.66	8.84	1.21	17.24
Olson, G 		3	5	80.1	5.60	52	50	19	1.41	.375	0.73	.338	.497	.835	5.27	3.81	8.85	1.38	16.63
Ortiz, R 		3	6	85.2	5.57	56	53	8	1.67	.333	1.56	.382	.444	.826	6.83	5.04	9.98	1.35	18.60
Park, C 		3	3	83.1	4.43	43	41	5	1.40	.500	1.15	.338	.377	.715	7.88	3.56	9.07	2.21	17.35
Patton, D 		3	1	27.2	6.83	22	21	4	1.81	.750	1.90	.382	.414	.796	7.48	6.18	10.08	1.21	18.11
Paulino, F 		3	11	97.2	6.27	73	68	20	1.67	.214	1.06	.380	.528	.907	8.57	3.41	11.61	2.51	18.10
Perez, O 		3	4	66.0	6.82	51	50	12	1.92	.429	0.51	.411	.486	.897	8.45	7.91	9.41	1.07	19.89
Petit, Y 		3	10	89.2	5.82	62	58	19	1.52	.231	0.59	.337	.500	.837	7.43	3.41	10.24	2.18	17.02
Redding, T 		3	6	120.0	5.10	72	68	18	1.43	.333	0.72	.333	.459	.792	5.70	3.75	9.15	1.52	16.57
Rivera, M 		3	3	66.1	1.76	14	13	7	0.90	.500	2.02	.237	.311	.549	9.77	1.63	6.51	6.00	15.48
Rodriguez, F 		3	6	68.0	3.71	34	28	7	1.31	.333	0.74	.309	.335	.644	9.66	5.03	6.75	1.92	18.53
Russell, A 		3	1	12.1	3.65	6	5	0	1.95	.750	0.64	.393	.280	.673	10.22	8.03	9.49	1.27	22.05
Saito, T 		3	3	55.2	2.43	16	15	6	1.35	.500	0.66	.335	.366	.701	8.41	4.04	8.08	2.08	18.77
Smoltz, J 		3	8	78.0	6.35	55	55	11	1.45	.273	0.95	.339	.492	.831	8.42	2.08	10.96	4.06	16.97
Soria, J 		3	2	53.0	2.21	14	13	5	1.13	.600	0.88	.281	.333	.614	11.72	2.72	7.47	4.31	17.28
Swarzak, A 		3	7	59.0	6.25	43	41	12	1.63	.300	0.81	.367	.512	.879	5.19	3.05	11.59	1.70	17.85
Tavarez, J 		3	7	35.0	4.89	27	19	1	1.74	.300	1.50	.375	.368	.743	8.23	6.94	8.74	1.19	20.23
van den Hurk, R 		3	2	58.2	4.30	29	28	11	1.33	.600	0.47	.324	.473	.798	7.52	3.22	8.74	2.33	17.11
Vargas, J 		3	6	91.2	4.91	53	50	16	1.33	.333	0.92	.327	.476	.803	5.30	2.36	9.62	2.25	16.11
Vasquez, E 		3	3	53.0	4.42	27	26	4	1.53	.500	0.98	.354	.382	.737	7.64	4.92	8.83	1.55	17.87
White, S 		3	2	64.1	2.80	23	20	3	1.09	.600	1.29	.279	.302	.581	3.92	2.80	6.99	1.40	15.23
Wood, K 		3	3	55.0	4.25	26	26	7	1.38	.500	0.72	.329	.374	.703	10.31	4.58	7.85	2.25	17.82
Wright, J 		3	5	79.0	4.33	51	38	8	1.48	.375	2.74	.358	.366	.724	6.84	5.01	8.32	1.36	17.14
Wright, W 		3	4	44.2	5.44	27	27	9	1.75	.429	0.91	.382	.497	.880	9.47	5.04	10.68	1.88	18.34
Zavada, C 		3	3	51.0	3.35	22	19	5	1.35	.500	0.55	.329	.356	.685	9.18	4.24	7.94	2.17	17.14
Zimmermann, J 		3	5	91.1	4.63	51	47	10	1.36	.375	1.33	.332	.429	.760	9.07	2.86	9.36	3.17	17.32
Zumaya, J 		3	3	31.0	4.94	18	17	5	1.81	.500	0.73	.385	.444	.829	8.71	6.39	9.87	1.36	18.87
Affeldt, J 		2	2	62.1	1.73	14	12	3	1.17	.500	3.22	.306	.277	.583	7.94	4.48	6.06	1.77	15.64
Arias, A 		2	1	45.2	3.35	21	17	1	1.49	.667	2.68	.359	.356	.715	7.69	3.74	9.66	2.05	16.82
Arredondo, J 		2	3	45.0	6.00	30	30	6	1.56	.400	1.12	.352	.417	.769	9.40	4.60	9.40	2.04	17.49
Bard, D 		2	2	49.1	3.65	24	20	5	1.28	.500	1.23	.317	.372	.690	11.49	4.01	7.48	2.86	17.41
Bastardo, A 		2	3	23.2	6.46	18	17	4	1.48	.400	0.46	.349	.484	.833	7.23	3.42	9.89	2.11	18.89
Bennett, J 		2	4	46.2	5.01	27	26	4	2.10	.333	2.35	.445	.482	.927	5.21	6.17	12.73	0.84	18.34
Bergmann, J 		2	4	48.0	4.50	28	24	7	1.56	.333	0.91	.375	.450	.825	7.50	4.69	9.38	1.60	16.63
Boggs, M 		2	3	58.0	4.19	28	27	3	1.79	.400	1.63	.404	.452	.856	7.14	5.12	11.02	1.39	17.88
Burnett, S 		2	3	57.2	3.12	21	20	6	1.11	.400	1.43	.290	.317	.607	6.71	4.37	5.62	1.54	17.17
Calero, K 		2	2	60.0	1.95	13	13	1	1.10	.500	0.51	.285	.235	.520	10.35	4.50	5.40	2.30	17.02
Camp, S 		2	6	79.2	3.50	36	31	7	1.28	.250	2.12	.319	.386	.705	6.55	3.28	8.25	2.00	14.52
Colon, R 		2	3	50.1	4.83	27	27	7	1.43	.400	0.90	.338	.421	.758	5.19	3.93	8.94	1.32	15.79
Corcoran, R 		2	0	19.0	6.16	13	13	2	2.21	1.000	2.77	.478	.457	.935	2.84	8.05	11.84	0.35	16.84
Cordero, F 		2	6	66.2	2.16	21	16	2	1.32	.250	1.04	.322	.305	.628	7.83	4.05	7.83	1.93	16.65
Davis, W 		2	2	36.1	3.72	19	15	2	1.27	.500	0.92	.309	.331	.640	8.92	3.22	8.17	2.77	16.57
Durbin, C 		2	2	69.2	4.39	38	34	8	1.48	.500	0.91	.354	.370	.724	8.01	6.07	7.23	1.32	18.33
Elbert, S 		2	0	19.2	5.03	11	11	4	1.32	1.000	1.00	.317	.467	.784	9.61	3.20	8.69	3.00	16.93
Embree, A 		2	2	24.2	5.84	18	16	3	1.62	.500	1.03	.376	.448	.824	4.38	4.38	10.22	1.00	15.97
Eveland, D 		2	4	44.0	7.16	39	35	4	2.18	.333	2.26	.436	.490	.926	4.50	5.32	14.32	0.85	19.16
Eyre, S 		2	1	30.0	1.50	6	5	3	1.27	.667	0.67	.310	.346	.655	6.60	4.80	6.60	1.38	18.83
Figaro, A 		2	2	17.0	6.35	13	12	3	1.94	.500	0.62	.415	.507	.922	8.47	5.29	12.18	1.60	18.76
Francisco, F 		2	3	49.1	3.83	21	21	6	1.11	.400	0.44	.276	.364	.639	10.40	2.74	7.30	3.80	17.11
Gregerson, L 		2	4	75.0	3.24	29	27	3	1.24	.333	1.23	.305	.311	.615	11.16	3.72	7.44	3.00	15.80
Grilli, J 		2	3	45.2	5.32	27	27	4	1.69	.400	0.85	.371	.442	.813	9.66	5.32	9.85	1.81	19.58
Howry, B 		2	6	63.2	3.39	26	24	5	1.15	.250	0.55	.283	.350	.633	6.50	3.25	7.07	2.00	16.99
Hudson, T 		2	1	42.1	3.61	17	17	4	1.46	.667	2.58	.346	.422	.768	6.38	2.76	10.42	2.31	14.27
Jackson, S 		2	3	43.0	3.14	20	15	2	1.40	.400	0.96	.324	.335	.660	4.40	4.60	7.95	0.95	15.19
Janssen, C 		2	4	40.0	5.85	29	26	5	1.83	.333	2.00	.393	.538	.930	5.40	3.15	13.28	1.71	18.10
Jennings, J 		2	4	61.0	4.13	31	28	7	1.56	.333	1.30	.361	.453	.814	6.49	4.13	9.89	1.57	17.95
Kuo, H 		2	0	30.0	3.00	10	10	2	1.13	1.000	1.19	.298	.302	.599	9.60	3.90	6.30	2.46	15.77
Leach, B 		2	0	20.1	5.75	13	13	3	1.38	1.000	1.80	.330	.453	.783	8.41	5.31	7.08	1.58	18.39
Lewis, J 		2	4	66.1	4.61	37	34	13	1.37	.333	0.80	.330	.474	.804	8.41	3.93	8.41	2.14	17.05
Lindstrom, M 		2	1	47.1	5.89	35	31	5	1.65	.667	1.08	.367	.438	.804	7.42	4.56	10.27	1.63	17.66
Loux, S 		2	3	58.1	5.86	42	38	4	1.77	.400	1.45	.395	.494	.889	2.93	2.93	12.96	1.00	16.39
Lowe, M 		2	7	80.0	3.26	39	29	7	1.25	.222	0.84	.295	.369	.664	7.76	3.26	7.99	2.38	16.23
Mahay, R 		2	1	50.1	4.29	29	24	10	1.67	.667	0.92	.370	.510	.879	7.51	3.93	11.09	1.91	18.12
Maloney, M 		2	4	40.2	4.87	22	22	9	1.25	.333	0.75	.321	.529	.851	6.20	1.77	9.52	3.50	16.03
Marmol, C 		2	4	74.0	3.41	29	28	2	1.46	.333	0.79	.363	.249	.612	11.31	7.91	5.23	1.43	19.89
Mijares, J 		2	2	61.2	2.34	17	16	7	1.18	.500	0.71	.299	.350	.649	8.03	3.36	7.30	2.39	15.97
Milton, E 		2	1	23.2	3.80	12	10	2	1.52	.667	0.52	.355	.455	.810	7.61	2.28	11.41	3.33	17.11
Morrow, B 		2	4	69.2	4.39	38	34	10	1.58	.333	0.73	.353	.402	.755	8.14	5.68	8.53	1.43	18.13
Mortensen, C 		2	4	30.2	7.63	34	26	6	1.79	.333	1.76	.392	.570	.962	3.82	3.82	12.33	1.00	18.75
Narveson, C 		2	0	47.0	3.83	22	20	7	1.30	1.000	0.56	.310	.440	.750	8.81	3.06	8.62	2.88	16.85
Nathan, J 		2	2	68.2	2.10	16	16	7	0.93	.500	0.87	.244	.305	.549	11.67	2.88	5.50	4.05	16.92
O'Day, D 		2	1	58.2	1.84	14	12	3	1.01	.667	0.92	.276	.267	.543	8.59	2.76	6.29	3.11	15.66
O'Flaherty, E 		2	1	56.1	3.04	23	19	2	1.24	.667	1.55	.323	.295	.619	6.23	2.88	8.31	2.17	16.07
Olsen, S 		2	4	62.2	6.03	45	42	11	1.72	.333	0.89	.379	.564	.943	6.03	3.59	11.92	1.68	16.74
Qualls, C 		2	2	52.0	3.63	23	21	5	1.15	.500	2.59	.287	.396	.683	7.79	1.21	9.17	6.43	14.71
Robertson, D 		2	1	43.2	3.30	19	16	4	1.35	.667	0.74	.314	.371	.685	12.98	4.74	7.42	2.74	19.90
Robertson, N 		2	3	49.2	5.44	33	30	4	1.75	.400	1.04	.384	.395	.779	6.34	5.07	10.69	1.25	17.78
Rodney, F 		2	5	75.2	4.40	38	37	8	1.47	.286	2.04	.347	.384	.731	7.26	4.88	8.33	1.49	18.01
Rosales, L 		2	1	45.1	4.76	24	24	5	1.15	.667	0.71	.281	.396	.678	6.15	2.38	7.94	2.58	15.02
Rusch, G 		2	0	18.2	6.75	15	14	3	2.04	1.000	0.83	.418	.591	1.008	6.27	1.45	16.88	4.33	18.27
Rzepczynski, M 		2	4	61.1	3.67	27	25	7	1.32	.333	1.93	.317	.366	.682	8.80	4.40	7.48	2.00	17.92
Sadowski, R 		2	4	28.1	4.45	15	14	2	1.59	.333	1.39	.362	.358	.721	5.40	5.40	8.89	1.00	17.54
Schmidt, J 		2	2	17.2	5.60	12	11	1	1.58	.500	0.45	.378	.388	.766	4.08	6.11	8.15	0.67	17.60
Sipp, T 		2	0	40.0	2.93	16	13	5	1.30	1.000	0.95	.315	.367	.682	10.80	5.63	6.08	1.92	18.23
Sosa, J 		2	1	22.1	6.45	16	16	5	1.79	.667	0.69	.388	.578	.966	6.85	4.84	11.28	1.42	18.31
Stokes, B 		2	4	70.1	3.97	33	31	6	1.56	.333	1.33	.358	.411	.769	5.76	4.86	9.21	1.18	16.44
Tazawa, J 		2	3	25.1	7.46	23	21	4	2.05	.400	0.40	.423	.574	.997	4.62	3.20	15.28	1.44	19.74
Thompson, B 		2	6	80.0	4.84	45	43	8	1.35	.250	1.93	.335	.441	.776	3.83	2.59	9.56	1.48	14.50
Tillman, C 		2	5	65.0	5.40	40	39	15	1.55	.286	0.80	.361	.529	.890	5.40	3.32	10.66	1.63	17.97
Uehara, K 		2	4	66.2	4.05	33	30	7	1.25	.333	0.55	.299	.445	.743	6.48	1.62	9.59	4.00	15.89
Valdez, M 		2	1	49.1	5.66	33	31	5	1.72	.667	1.37	.379	.421	.800	6.93	5.11	10.40	1.36	18.97
Vasquez, V 		2	5	44.2	5.84	30	29	6	1.70	.286	0.89	.387	.541	.929	5.84	3.63	11.69	1.61	17.46
Wade, C 		2	3	27.2	5.53	17	17	3	1.37	.400	0.61	.322	.413	.735	5.86	3.25	9.11	1.80	16.19
Walker, T 		2	1	35.1	3.06	12	12	4	1.13	.667	0.63	.289	.363	.652	6.88	2.29	7.90	3.00	15.71
Webb, R 		2	1	25.2	3.86	14	11	3	1.48	.667	2.59	.339	.431	.771	6.66	3.86	9.47	1.73	17.88
Wells, K 		2	5	72.2	5.33	43	43	6	1.38	.286	1.31	.339	.356	.695	5.33	4.95	7.43	1.08	16.69
Wolfe, B 		2	2	15.1	8.22	15	14	5	2.09	.500	1.40	.434	.667	1.101	6.46	4.11	14.67	1.57	18.85
Yabuta, Y 		2	1	14.0	13.50	21	21	3	2.57	.667	0.57	.468	.667	1.134	5.79	4.50	18.64	1.29	23.79
Ziegler, B 		2	4	73.1	3.07	27	25	2	1.50	.333	2.60	.356	.379	.734	6.63	3.44	10.06	1.93	16.23
Acosta, M 		1	1	37.1	4.34	19	18	4	1.71	.500	1.11	.386	.460	.846	7.71	4.58	10.85	1.68	17.89
Aquino, G 		1	2	16.0	4.50	8	8	1	1.75	.333	1.57	.378	.351	.729	6.19	8.44	7.31	0.73	18.75
Ayala, L 		1	5	40.0	5.63	28	25	5	1.60	.167	1.17	.384	.510	.894	6.30	3.15	11.25	2.00	16.73
Balester, C 		1	4	30.1	6.82	24	23	10	1.58	.200	0.82	.356	.603	.959	5.93	4.15	10.09	1.43	17.11
Banks, J 		1	1	22.2	7.15	18	18	6	1.50	.500	0.84	.357	.626	.984	3.57	1.59	11.91	2.25	16.46
Bautista, D 		1	1	13.2	5.27	8	8	1	1.61	.500	0.60	.383	.408	.791	9.88	4.61	9.88	2.14	19.17
Bazardo, Y 		1	3	32.0	7.88	31	28	2	1.84	.250	1.38	.400	.432	.832	4.78	6.19	10.41	0.77	17.38
Beimel, J 		1	6	55.1	3.58	24	22	5	1.37	.143	0.71	.326	.433	.760	5.69	3.09	9.27	1.84	16.12
Bell, T 		1	2	20.1	9.74	25	22	3	2.51	.333	0.96	.464	.577	1.041	6.20	4.87	17.70	1.27	20.66
Benson, K 		1	1	22.1	8.46	23	21	6	2.01	.500	0.49	.421	.598	1.019	4.43	4.84	13.30	0.92	18.81
Bonine, E 		1	1	34.1	4.46	19	17	7	1.51	.500	2.48	.366	.523	.889	4.98	3.15	10.49	1.58	15.20
Bowden, M 		1	1	16.0	9.56	17	17	3	1.81	.500	1.19	.387	.580	.966	6.75	3.38	12.94	2.00	19.25
Bradford, C 		1	0	10.1	4.35	5	5	1	2.32	1.000	0.79	.436	.510	.946	5.23	1.74	19.16	3.00	17.71
Brocail, D 		1	0	17.2	4.58	9	9	4	1.92	1.000	1.26	.410	.559	.968	4.58	6.62	10.70	0.69	18.74
Burton, J 		1	0	59.1	4.40	30	29	5	1.42	1.000	1.03	.336	.423	.759	6.83	3.49	9.25	1.96	17.71
Byrd, P 		1	3	34.0	5.82	22	22	4	1.71	.250	0.82	.377	.500	.877	2.91	2.91	12.44	1.00	16.32
Byrdak, T 		1	2	61.1	3.23	23	22	10	1.22	.333	0.98	.299	.370	.669	8.51	5.28	5.72	1.61	17.32
Campillo, J 		1	0	4.1	4.15	3	2	0	2.31	1.000	0.33	.476	.611	1.087	6.23	6.23	14.54	1.00	16.15
Caridad, E 		1	0	19.1	1.40	4	3	0	0.93	1.000	0.63	.284	.338	.622	7.91	1.40	6.98	5.67	15.41
Carlson, J 		1	6	67.2	4.66	37	35	7	1.30	.143	0.91	.315	.415	.730	6.78	2.79	8.91	2.43	16.79
Carpenter, D 		1	0	5.2	11.12	7	7	1	2.65	1.000	2.00	.516	.692	1.208	7.94	6.35	17.47	1.25	24.35
Carrillo, C 		1	2	10.1	13.06	15	15	4	2.71	.333	0.93	.500	.674	1.174	3.48	10.45	13.94	0.33	22.65
Casilla, S 		1	2	48.1	5.96	36	32	6	1.78	.333	1.29	.384	.483	.866	6.52	4.66	11.36	1.40	17.75
Chavez, J 		1	4	67.1	4.01	33	30	11	1.35	.200	0.80	.323	.460	.783	6.28	2.94	9.22	2.14	15.45
Chen, B 		1	6	62.1	5.78	42	40	12	1.59	.143	0.65	.372	.512	.884	6.50	3.61	10.68	1.80	17.34
Choate, R 		1	0	36.1	3.47	15	14	4	1.07	1.000	2.86	.275	.313	.588	6.94	2.72	6.94	2.55	15.96
Colome, J 		1	1	21.1	7.59	18	18	2	1.88	.500	1.04	.402	.553	.955	6.33	2.53	14.34	2.50	17.02
Corpas, M 		1	3	33.2	5.88	22	22	3	1.51	.250	1.47	.361	.452	.813	6.42	1.87	11.76	3.43	15.36
Daley, M 		1	1	51.0	4.24	24	24	6	1.20	.500	0.79	.301	.441	.742	9.71	3.18	7.59	3.06	17.33
Detwiler, R 		1	6	75.2	5.00	43	42	3	1.59	.143	1.06	.362	.405	.767	5.11	3.93	10.35	1.30	16.69
Dickey, R 		1	1	64.1	4.62	34	33	8	1.62	.500	1.35	.371	.455	.826	5.88	4.20	10.35	1.40	17.39
Dolsi, F 		1	0	10.2	1.69	6	2	0	1.59	1.000	2.75	.362	.405	.766	2.53	3.38	10.97	0.75	18.19
Downs, S 		1	3	46.2	3.09	18	16	4	1.26	.250	2.16	.305	.383	.688	8.29	2.51	8.87	3.31	15.34
Escalona, S 		1	0	13.2	4.61	7	7	0	1.24	1.000	0.82	.333	.280	.613	6.59	3.29	7.90	2.00	15.95
Farnsworth, K 		1	5	37.1	4.58	22	19	3	1.53	.167	0.92	.347	.380	.727	10.13	3.38	10.37	3.00	18.03
Feliz, N 		1	0	31.0	1.74	6	6	2	0.68	1.000	0.67	.207	.210	.416	11.32	2.32	3.77	4.88	16.42
Fisher, C 		1	1	52.1	4.47	26	26	4	1.55	.500	1.15	.366	.377	.743	8.25	5.33	8.60	1.55	16.95
Fuentes, B 		1	5	55.0	3.93	24	24	6	1.40	.167	0.66	.342	.378	.720	7.53	3.93	8.67	1.92	17.60
Geary, G 		1	3	20.0	8.10	19	18	4	2.00	.250	1.35	.432	.595	1.027	5.40	4.50	13.50	1.20	17.65
Geer, J 		1	7	102.2	5.96	73	68	27	1.35	.125	1.20	.329	.561	.890	4.73	2.02	10.17	2.35	16.02
Gervacio, S 		1	1	21.0	2.14	5	5	1	1.14	.500	3.00	.305	.315	.620	10.71	3.43	6.86	3.13	15.86
Green, S 		1	4	69.2	4.52	37	35	5	1.44	.200	3.71	.349	.367	.716	6.98	4.65	8.27	1.50	16.97
Guardado, E 		1	2	38.1	4.46	21	19	8	1.41	.333	0.77	.344	.479	.823	4.70	3.52	9.16	1.33	18.55
Haeger, C 		1	1	19.0	3.32	7	7	4	1.05	.500	1.10	.282	.377	.659	7.11	3.32	6.16	2.14	16.21
Hanrahan, J 		1	4	64.0	4.78	40	34	3	1.67	.200	0.80	.370	.409	.780	10.13	4.78	10.27	2.12	19.00
Hawkins, L 		1	4	63.1	2.13	16	15	7	1.20	.200	1.38	.304	.376	.679	6.39	2.27	8.53	2.81	16.04
Hill, S 		1	1	12.0	5.25	7	7	1	1.50	.500	0.82	.352	.469	.821	5.25	2.25	11.25	2.33	16.92
Hudson, D 		1	1	18.2	3.38	9	7	3	1.34	.500	0.40	.317	.394	.711	6.75	4.34	7.71	1.56	17.04
Julio, J 		1	1	17.1	7.79	17	15	2	1.73	.500	1.41	.386	.362	.749	6.75	7.79	7.79	0.87	19.21
Kensing, L 		1	2	35.1	8.92	35	35	8	2.01	.333	1.23	.420	.603	1.023	4.84	4.33	13.75	1.12	17.24
Keppel, B 		1	1	54.0	4.83	30	29	4	1.56	.500	1.43	.369	.443	.813	5.33	3.50	10.50	1.52	16.87
Kilby, B 		1	0	17.0	0.53	2	1	1	0.82	1.000	0.29	.215	.279	.494	10.59	2.12	5.29	5.00	15.12
Kinney, J 		1	0	15.1	8.80	15	15	2	2.22	1.000	1.31	.450	.507	.957	4.70	6.46	13.50	0.73	18.00
Lincoln, M 		1	1	23.0	8.22	21	21	7	2.09	.500	1.59	.464	.663	1.127	3.52	7.43	11.35	0.47	16.74
Logan, B 		1	1	17.1	5.19	12	10	1	1.73	.500	3.78	.378	.389	.767	5.19	4.67	10.90	1.11	16.38
MacDougal, M 		1	1	54.1	4.31	31	26	3	1.66	.500	3.09	.381	.350	.731	5.63	6.29	8.61	0.89	16.95
Manship, J 		1	1	31.2	5.68	21	20	4	1.71	.500	1.25	.379	.468	.848	5.97	4.26	11.08	1.40	19.23
Marte, D 		1	3	13.1	9.45	14	14	3	1.58	.250	0.65	.361	.500	.861	8.78	4.05	10.13	2.17	17.63
Martinez, C 		1	1	26.1	5.13	16	15	2	1.33	.500	1.77	.315	.408	.723	6.15	2.73	9.23	2.25	15.27
McCutchen, D 		1	2	36.1	4.21	17	17	6	1.35	.333	0.98	.329	.450	.779	4.71	2.72	9.41	1.73	15.69
Meek, E 		1	1	47.0	3.45	18	18	2	1.34	.500	1.67	.326	.344	.670	8.04	5.55	6.51	1.45	16.68
Moreno, E 		1	3	22.1	4.84	13	12	3	1.93	.250	0.69	.421	.478	.898	6.04	6.04	11.28	1.00	19.21
Moseley, D 		1	0	14.2	4.30	8	7	3	1.57	1.000	0.94	.354	.516	.870	4.91	1.84	12.27	2.67	17.52
Niese, J 		1	1	25.2	4.21	12	12	1	1.40	.500	1.46	.333	.398	.731	6.31	3.16	9.47	2.00	15.66
Ohka, T 		1	5	71.0	5.96	47	47	18	1.35	.167	0.94	.330	.534	.864	3.93	2.41	9.76	1.63	15.10
Ohman, W 		1	0	12.1	5.84	8	8	4	1.62	1.000	0.53	.370	.609	.979	5.11	5.84	8.76	0.88	16.30
Papelbon, J 		1	1	68.0	1.85	15	14	5	1.15	.500	0.41	.289	.311	.600	10.06	3.18	7.15	3.17	17.43
Penn, H 		1	0	22.0	7.77	27	19	3	2.27	1.000	1.93	.448	.479	.927	11.05	8.18	12.27	1.35	22.50
Perdomo, L 		1	0	60.0	4.80	36	32	11	1.52	1.000	1.66	.341	.466	.806	8.25	5.10	8.55	1.62	18.45
Perez, C 		1	2	57.0	4.26	28	27	8	1.19	.333	0.84	.310	.358	.667	10.74	4.26	6.47	2.52	17.26
Ponson, S 		1	7	58.2	7.36	50	48	6	1.77	.125	1.47	.394	.496	.890	4.91	3.84	12.12	1.28	16.86
Poreda, A 		1	0	13.1	2.70	4	4	0	1.73	1.000	1.70	.400	.239	.639	8.10	8.78	6.75	0.92	19.28
Purcey, D 		1	3	48.0	6.19	35	33	6	1.75	.250	0.57	.386	.457	.844	7.31	5.63	10.13	1.30	18.42
Putz, J 		1	4	29.1	5.22	18	17	1	1.64	.200	1.16	.358	.381	.739	5.83	5.83	8.90	1.00	17.93
Ray, R 		1	2	24.1	4.44	15	12	4	1.19	.333	1.32	.310	.451	.761	4.81	2.22	8.51	2.17	14.92
Reyes, A 		1	1	38.1	6.57	30	28	5	1.64	.500	0.74	.374	.452	.826	5.17	5.40	9.39	0.96	17.84
Rhodes, A 		1	1	53.1	2.53	16	15	3	1.07	.500	0.87	.276	.299	.576	8.10	3.38	6.24	2.40	16.43
Rivera, S 		1	3	38.1	6.10	28	26	7	1.62	.250	2.24	.376	.523	.898	4.93	3.29	11.27	1.50	16.23
Ryan, B 		1	1	20.2	6.53	15	15	5	1.89	.500	1.09	.426	.560	.986	5.66	7.40	9.58	0.76	19.26
Samardzija, J 		1	3	34.2	7.53	29	29	7	1.76	.250	1.38	.395	.586	.981	5.45	3.89	11.94	1.40	17.54
Sanchez, D 		1	1	11.0	9.00	11	11	3	2.36	.500	0.88	.482	.660	1.142	1.64	6.55	14.73	0.25	19.00
Schlereth, D 		1	4	18.1	5.89	13	12	1	1.64	.200	1.36	.369	.279	.648	10.80	7.36	7.36	1.47	18.44
Schoeneweis, S 		1	2	24.0	7.13	20	19	6	1.75	.333	1.07	.379	.485	.864	5.25	4.88	10.88	1.08	16.67
Segovia, Z 		1	0	10.1	7.84	10	9	1	1.65	1.000	1.08	.362	.436	.798	3.48	5.23	9.58	0.67	19.45
Sherrill, G 		1	1	69.0	1.70	13	13	4	1.12	.500	0.83	.281	.307	.588	7.96	3.13	6.91	2.54	16.71
Shields, S 		1	3	17.2	6.62	14	13	1	1.75	.250	0.95	.378	.343	.721	6.11	7.64	8.15	0.80	17.83
Shouse, B 		1	1	28.0	4.50	15	14	5	1.36	.500	3.06	.331	.473	.804	5.46	2.25	9.96	2.43	15.86
Silva, C 		1	3	30.1	8.60	29	29	5	1.71	.250	1.19	.390	.583	.973	2.97	3.26	12.16	0.91	18.66
Soriano, R 		1	6	75.2	2.97	25	25	6	1.06	.143	0.62	.267	.319	.586	12.13	3.21	6.30	3.78	16.30
Springer, R 		1	4	57.0	4.11	27	26	9	1.49	.200	0.28	.336	.470	.806	9.16	2.68	10.74	3.41	18.56
Stevens, J 		1	0	12.2	7.11	10	10	2	1.74	1.000	0.75	.397	.531	.927	6.39	5.68	9.95	1.13	18.79
Taschner, J 		1	1	29.1	4.91	18	16	3	1.98	.500	0.89	.423	.458	.881	5.83	6.14	11.66	0.95	19.70
Thatcher, J 		1	0	45.0	2.80	14	14	2	1.22	1.000	1.00	.316	.313	.628	11.00	3.60	7.40	3.06	18.29
Torres, C 		1	2	28.1	6.04	20	19	5	1.66	.333	0.84	.386	.476	.862	6.99	5.40	9.53	1.29	17.15
Vargas, C 		1	0	41.1	1.74	8	8	3	0.97	1.000	0.90	.264	.270	.534	6.53	3.27	5.44	2.00	16.23
Veal, D 		1	0	16.1	7.16	13	13	2	2.33	1.000	0.68	.460	.453	.913	8.82	11.02	9.92	0.80	22.71
Vizcaino, L 		1	3	15.1	4.11	7	7	2	1.43	.250	0.84	.324	.327	.651	7.04	7.04	5.87	1.00	18.59
Wagner, B 		1	1	15.2	1.72	5	3	1	1.02	.500	0.75	.279	.269	.548	14.94	4.60	4.60	3.25	17.74
Wang, C 		1	6	42.0	9.64	46	45	7	2.02	.143	2.28	.429	.597	1.025	6.21	4.07	14.14	1.53	17.81
Waters, C 		1	0	11.2	5.40	7	7	3	1.20	1.000	0.88	.286	.432	.718	3.86	3.86	6.94	1.00	16.89
Willis, D 		1	4	33.2	7.49	28	28	4	1.93	.200	1.96	.418	.437	.854	4.54	7.49	9.89	0.61	18.33
Wood, T 		1	0	22.1	2.82	8	7	2	1.43	1.000	1.43	.347	.395	.742	6.45	4.03	8.87	1.60	15.18
Abreu, W 		0	0	6.0	10.50	8	7	2	2.33	-	0.71	.469	.630	1.098	9.00	6.00	15.00	1.50	21.33
Accardo, J 		0	0	24.2	2.55	8	7	2	1.62	-	1.17	.393	.372	.765	6.57	6.20	8.39	1.06	18.32
Adams, M 		0	0	37.0	0.73	9	3	1	0.59	-	1.23	.164	.151	.315	10.95	1.95	3.41	5.63	15.16
Adenhart, N 		0	0	6.0	0.00	0	0	0	1.67	-	1.17	.370	.292	.662	7.50	4.50	10.50	1.67	16.67
Ascanio, J 		0	2	18.0	4.00	8	8	1	1.72	.000	0.78	.405	.414	.819	10.00	4.50	11.00	2.22	19.33
Asencio, J 		0	1	2.2	3.38	1	1	0	1.88	.000	1.67	.385	.455	.839	0.00	6.75	10.13	0.00	13.87
Atkins, M 		0	0	2.0	0.00	0	0	0	0.50	-	1.33	.143	.143	.286	0.00	0.00	4.50	-	10.50
Augenstein, B 		0	1	17.0	7.94	16	15	2	1.71	.000	2.07	.392	.478	.871	3.18	3.18	12.18	1.00	15.71
Axford, J 		0	0	7.2	3.52	3	3	0	1.43	-	0.75	.324	.214	.538	10.57	7.04	5.87	1.50	18.39
Backe, B 		0	0	13.0	10.38	15	15	5	2.08	-	0.56	.415	.707	1.122	6.92	4.15	14.54	1.67	17.85
Bale, J 		0	1	28.1	5.72	19	18	3	1.84	.000	1.37	.390	.470	.859	7.62	5.72	10.80	1.33	18.95
Berg, J 		0	0	12.0	0.75	1	1	0	0.92	-	1.64	.244	.250	.494	5.25	0.75	7.50	7.00	11.00
Blevins, J 		0	0	22.1	4.84	12	12	2	1.12	-	0.63	.278	.373	.651	9.27	2.42	7.66	3.83	16.61
Bonderman, J 		0	1	10.1	8.71	10	10	4	2.32	.000	0.85	.472	.705	1.176	4.35	6.97	13.94	0.63	18.68
Bootcheck, C 		0	0	14.2	11.05	18	18	1	1.70	-	0.72	.388	.446	.834	7.98	5.52	9.82	1.44	19.23
Boyer, B 		0	2	54.2	4.12	36	25	1	1.39	.000	2.32	.342	.327	.669	4.77	3.29	9.22	1.45	15.09
Broadway, L 		0	1	30.2	5.87	21	20	0	1.73	.000	1.31	.371	.373	.744	5.28	4.40	11.15	1.20	16.96
Brown, D 		0	0	1.0	9.00	1	1	0	2.00	-	1.00	.400	.600	1.000	9.00	0.00	18.00	-	13.00
Bullington, B 		0	0	6.0	3.00	2	2	0	2.17	-	0.44	.433	.435	.868	7.50	9.00	10.50	0.83	19.50
Bumgarner, M 		0	0	10.0	1.80	2	2	2	1.10	-	1.86	.282	.457	.739	9.00	2.70	7.20	3.33	15.70
Burres, B 		0	2	6.1	14.21	12	10	0	2.68	.000	1.29	.459	.563	1.022	5.68	7.11	17.05	0.80	21.32
Butler, J 		0	0	4.0	9.00	4	4	0	3.25	-	2.33	.519	.474	.992	6.75	13.50	15.75	0.50	25.75
Cabrera, D 		0	6	51.0	6.00	47	34	4	1.98	.000	1.38	.412	.435	.847	4.06	7.41	10.41	0.55	18.90
Cabrera, F 		0	0	5.1	8.44	5	5	0	2.06	-	1.00	.429	.435	.863	13.50	6.75	11.81	2.00	20.63
Cameron, K 		0	0	18.1	3.44	7	7	1	1.15	-	0.95	.284	.294	.578	7.36	2.95	7.36	2.50	15.87
Carlyle, B 		0	1	21.1	8.86	23	21	5	2.20	.000	1.04	.448	.630	1.078	5.06	5.06	14.77	1.00	21.00
Carrasco, C 		0	4	22.1	8.87	23	22	6	2.28	.000	2.13	.455	.670	1.125	4.43	4.43	16.12	1.00	18.00
Castillo, A 		0	0	12.0	2.25	4	3	0	1.33	-	1.70	.354	.349	.703	6.00	3.00	9.00	2.00	15.25
Chacin, J 		0	1	11.0	4.91	6	6	1	1.55	.000	1.25	.362	.306	.667	10.64	9.00	4.91	1.18	19.36
Chulk, V 		0	1	12.0	3.75	6	5	1	1.67	.000	1.36	.377	.349	.726	3.00	7.50	7.50	0.40	19.25
Claggett, A 		0	0	3.2	27.00	11	11	3	4.64	-	1.00	.607	1.042	1.649	7.36	9.82	31.91	0.75	29.18
Cotts, N 		0	2	11.0	7.36	9	9	3	2.09	.000	2.00	.436	.578	1.014	7.36	7.36	11.45	1.00	20.18
Davidson, D 		0	0	1.2	5.40	1	1	0	3.60	-	0.25	.545	.500	1.045	0.00	16.20	16.20	0.00	24.00
Davidson, D 		0	0	1.0	45.00	5	5	0	8.00	-	-	.727	.714	1.442	27.00	36.00	36.00	0.75	52.00
De La Cruz, F 		0	0	3.1	5.40	2	2	0	2.40	-	3.00	.471	.200	.671	5.40	16.20	5.40	0.33	21.30
Dessens, E 		0	0	32.2	3.31	12	12	5	1.04	-	0.91	.281	.395	.676	3.86	2.76	6.61	1.40	15.24
Dillard, T 		0	1	4.1	12.46	6	6	1	2.77	.000	3.00	.522	.647	1.169	2.08	10.38	14.54	0.20	19.85
DiNardo, L 		0	3	21.1	10.13	28	24	2	2.63	.000	2.11	.487	.556	1.043	3.38	6.33	17.30	0.53	21.42
Dumatrait, P 		0	2	13.0	6.92	11	10	4	1.85	.000	1.20	.375	.558	.933	4.85	7.62	9.00	0.64	18.23
Dunn, M 		0	0	4.0	6.75	3	3	1	2.00	-	0.75	.400	.400	.800	11.25	11.25	6.75	1.00	20.50
Egbert, J 		0	0	2.2	27.00	8	8	1	3.75	-	7.00	.556	.867	1.422	0.00	6.75	27.00	0.00	29.25
Ekstrom, M 		0	0	18.1	6.38	14	13	3	1.58	-	1.18	.361	.444	.806	9.33	3.93	10.31	2.38	17.29
Escobar, K 		0	1	5.0	3.60	2	2	0	1.60	.000	1.25	.391	.235	.627	9.00	7.20	7.20	1.25	18.60
Estrada, M 		0	1	7.1	6.14	6	5	1	1.36	.000	0.75	.313	.429	.741	11.05	4.91	7.36	2.25	20.86
Eyre, W 		0	0	18.0	4.50	9	9	0	1.33	-	0.80	.343	.406	.749	4.00	3.00	9.00	1.33	14.11
Fien, C 		0	1	11.1	7.94	11	10	2	1.68	.000	0.63	.358	.556	.914	7.15	4.76	10.32	1.50	18.26
Flores, R 		0	1	12.0	5.25	7	7	2	1.33	.000	0.83	.308	.500	.808	10.50	1.50	10.50	7.00	18.58
Fogg, J 		0	2	45.2	3.74	20	19	7	1.14	.000	1.15	.285	.389	.674	5.32	3.94	6.31	1.35	15.72
Fossum, C 		0	0	4.0	2.25	1	1	0	2.00	-	1.25	.421	.267	.688	6.75	9.00	9.00	0.75	16.00
Fox, C 		0	0	0.1	135.00	5	5	0	15.00	-	-	.833	2.000	2.833	0.00	81.00	54.00	0.00	81.00
Frieri, E 		0	0	2.0	0.00	0	0	0	0.50	-	0.00	.143	.000	.143	9.00	4.50	0.00	2.00	12.50
Gabino, A 		0	0	3.2	17.18	7	7	1	3.82	-	0.50	.560	.750	1.310	4.91	12.27	22.09	0.40	25.91
Garate, V 		0	0	2.0	22.50	5	5	1	4.00	-	0.20	.600	1.200	1.800	0.00	13.50	22.50	0.00	30.50
Giese, D 		0	3	22.0	5.32	13	13	5	1.41	.000	0.93	.330	.476	.806	4.50	3.68	9.00	1.22	17.09
Gload, R 		0	0	1.0	0.00	0	0	0	2.00	-	-	.500	.000	.500	0.00	18.00	0.00	0.00	16.00
Gobble, J 		0	0	12.0	7.50	10	10	3	1.75	-	0.44	.390	.520	.910	7.50	5.25	10.50	1.43	19.25
Gonzalez, E 		0	4	65.1	5.51	41	40	4	1.59	.000	1.04	.370	.446	.817	5.37	3.86	10.47	1.39	17.82
Gonzalez, E 		0	0	3.2	4.91	2	2	1	1.91	-	1.00	.389	.500	.889	2.45	4.91	12.27	0.50	21.27
Gordon, T 		0	1	1.2	21.60	4	4	0	3.60	.000	-	.600	.714	1.314	0.00	16.20	16.20	0.00	21.60
Gosling, M 		0	0	25.0	5.04	15	14	5	1.64	-	0.62	.360	.505	.865	4.68	3.96	10.80	1.18	17.56
Gray, J 		0	1	26.1	3.76	12	11	3	1.29	.000	1.86	.316	.407	.723	6.49	1.37	10.25	4.75	15.19
Green, N 		0	0	2.0	0.00	0	0	0	1.50	-	1.00	.333	.000	.333	0.00	13.50	0.00	0.00	17.50
Hacker, E 		0	0	3.0	6.00	2	2	0	2.00	-	3.00	.429	.583	1.012	3.00	6.00	12.00	0.50	22.00
Hansen, C 		0	0	6.1	5.68	4	4	1	1.58	-	0.40	.367	.440	.807	7.11	5.68	8.53	1.25	17.05
Hayhurst, D 		0	0	22.2	2.78	7	7	2	1.41	-	0.86	.351	.417	.767	5.16	3.57	9.13	1.44	16.94
Henn, S 		0	3	14.1	7.53	12	12	2	1.88	.000	0.80	.406	.491	.897	9.42	7.53	9.42	1.25	21.35
Hinckley, M 		0	0	9.2	4.66	5	5	1	1.97	-	1.30	.465	.387	.852	2.79	10.24	7.45	0.27	19.03
Hinshaw, A 		0	0	6.0	12.00	8	8	2	2.83	-	0.50	.515	.654	1.169	3.00	10.50	15.00	0.29	22.83
Hughes, D 		0	2	14.0	5.14	9	8	2	1.50	.000	1.45	.365	.377	.742	9.64	5.14	8.36	1.88	17.36
Humber, P 		0	0	9.0	8.00	8	8	1	2.89	-	1.13	.520	.488	1.008	9.00	9.00	17.00	1.00	24.67
Isringhausen, J 		0	1	8.0	2.25	2	2	0	1.38	.000	0.73	.351	.233	.585	6.75	5.63	6.75	1.20	20.63
Jackson, Z 		0	0	8.2	9.35	10	9	2	2.08	-	1.13	.426	.525	.951	10.38	4.15	14.54	2.50	18.46
Janish, P 		0	0	2.0	49.50	11	11	2	5.50	-	-	.647	1.133	1.780	13.50	9.00	40.50	1.50	32.00
Joaquin, W 		0	0	10.2	4.22	5	5	1	1.59	-	4.00	.373	.381	.754	10.13	5.91	8.44	1.71	19.69
Jones, H 		0	0	12.2	9.24	13	13	3	1.82	-	0.58	.387	.547	.934	6.39	4.97	11.37	1.29	19.89
Kennedy, I 		0	0	1.0	0.00	0	0	0	2.00	-	0.00	.500	.000	.500	9.00	18.00	0.00	0.50	28.00
Kobayashi, M 		0	0	9.2	8.38	9	9	2	1.66	-	0.73	.378	.500	.878	3.72	3.72	11.17	1.00	13.86
Korecky, B 		0	0	6.0	13.50	9	9	0	2.50	-	0.88	.484	.654	1.138	4.50	6.00	16.50	0.75	20.83
Koronka, J 		0	2	7.1	11.05	11	9	4	2.45	.000	1.00	.462	.750	1.212	4.91	8.59	13.50	0.57	21.14
Lambert, C 		0	1	12.1	10.22	14	14	5	2.19	.000	0.67	.435	.673	1.108	8.03	5.11	14.59	1.57	17.76
Ledezma, W 		0	0	5.2	9.53	7	6	1	2.12	-	1.00	.400	.625	1.025	12.71	6.35	12.71	2.00	19.59
Lerew, A 		0	1	13.1	4.05	8	6	4	1.65	.000	0.67	.355	.528	.883	4.73	5.40	9.45	0.88	19.35
Leroux, C 		0	0	6.2	10.80	8	8	0	2.25	-	1.57	.429	.581	1.009	2.70	5.40	14.85	0.50	19.35
Lewis, S 		0	0	4.1	8.31	4	4	2	1.85	-	0.50	.400	.789	1.189	6.23	2.08	14.54	3.00	21.69
Lidge, B 		0	8	58.2	7.21	51	47	11	1.81	.000	1.02	.398	.515	.912	9.36	5.22	11.05	1.79	19.72
Litsch, J 		0	1	9.0	9.00	9	9	4	1.67	.000	0.80	.381	.725	1.106	8.00	1.00	14.00	8.00	17.56
Liz, R 		0	0	1.1	67.50	10	10	1	7.50	-	0.50	.750	1.250	2.000	6.75	13.50	54.00	0.50	42.00
Lopez, A 		0	0	2.1	19.29	5	5	2	4.29	-	2.50	.647	1.231	1.878	0.00	11.57	27.00	0.00	27.00
Lopez, J 		0	2	11.2	9.26	13	12	1	2.49	.000	2.63	.492	.588	1.080	3.86	6.94	15.43	0.56	21.34
Lopez, W 		0	2	19.1	8.38	21	18	4	2.07	.000	2.20	.436	.602	1.039	4.19	3.72	14.90	1.13	17.43
Loretta, M 		0	0	0.1	0.00	0	0	0	0.00	-	0.00	.500	.000	.500	0.00	0.00	0.00	-	9.00
Madrigal, W 		0	0	12.2	9.95	14	14	2	2.37	-	0.78	.463	.519	.981	3.55	8.53	12.79	0.42	21.95
Manuel, R 		0	0	4.1	0.00	0	0	0	1.38	-	0.43	.333	.353	.686	4.15	2.08	10.38	2.00	18.23
Marshall, J 		0	2	7.1	14.73	12	12	1	1.77	.000	1.63	.424	.594	1.018	1.23	0.00	15.95	-	15.55
Marte, V 		0	0	12.0	8.25	12	11	2	2.08	-	1.25	.431	.457	.888	5.25	9.00	9.75	0.58	16.83
Martinez, C 		0	0	2.1	3.86	1	1	1	2.14	-	1.50	.462	.600	1.062	7.71	7.71	11.57	1.00	26.14
Mathis, D 		0	1	42.2	3.16	17	15	4	1.15	.000	1.55	.297	.363	.659	5.27	2.11	8.23	2.50	16.62
Matos, O 		0	0	6.0	9.00	7	6	2	2.00	-	0.17	.387	.600	.987	7.50	1.50	16.50	5.00	20.83
McCrory, B 		0	0	7.1	17.18	19	14	3	3.68	-	2.17	.551	.789	1.340	4.91	12.27	20.86	0.40	26.45
Melancon, M 		0	1	16.1	3.86	8	7	0	1.41	.000	2.55	.365	.300	.665	5.51	5.51	7.16	1.00	15.80
Meloan, J 		0	0	8.1	0.00	1	0	0	0.60	-	0.44	.172	.111	.284	11.88	2.16	3.24	5.50	15.60
Mendoza, L 		0	0	1.0	36.00	4	4	1	3.00	-	0.00	.571	1.000	1.571	0.00	9.00	18.00	0.00	22.00
Messenger, R 		0	1	10.1	4.35	5	5	3	1.26	.000	0.73	.302	.558	.860	4.35	0.00	11.32	-	15.00
Mickolio, K 		0	2	13.2	2.63	4	4	0	1.32	.000	1.08	.305	.260	.565	9.22	4.61	7.24	2.00	19.39
Mills, B 		0	1	7.2	14.09	12	12	4	2.61	.000	0.30	.476	.800	1.276	10.57	7.04	16.43	1.50	24.78
Morillo, J 		0	0	2.0	22.50	5	5	1	3.00	-	0.67	.500	.778	1.278	4.50	13.50	13.50	0.33	21.00
Moscoso, G 		0	0	14.0	3.21	7	5	1	1.50	-	0.63	.344	.429	.772	7.71	3.86	9.64	2.00	19.00
Mosebach, B 		0	0	2.1	7.71	3	2	0	3.00	-	1.50	.533	.545	1.079	7.71	11.57	15.43	0.67	28.29
Mulvey, K 		0	3	24.1	8.14	22	22	5	1.68	.000	1.00	.381	.505	.886	6.66	4.44	10.73	1.50	17.96
Murphy, B 		0	0	11.1	3.18	4	4	1	1.06	-	1.55	.267	.278	.544	4.76	6.35	3.18	0.75	14.74
Ni, F 		0	0	31.0	2.61	9	9	3	1.00	-	0.56	.267	.336	.603	6.10	3.19	5.81	1.91	16.52
Nunez, J 		0	0	5.2	9.53	6	6	1	2.12	-	0.56	.414	.630	1.043	4.76	3.18	15.88	1.50	20.12
Nunez, V 		0	0	1.0	36.00	4	4	2	4.00	-	1.00	.571	1.600	2.171	9.00	18.00	18.00	0.50	30.00
Ortega, A 		0	2	12.2	9.24	15	13	4	1.97	.000	1.46	.410	.636	1.046	4.97	4.26	13.50	1.17	19.66
Paronto, C 		0	0	6.2	12.15	9	9	4	2.40	-	1.13	.457	.909	1.366	4.05	1.35	20.25	3.00	18.90
Parr, J 		0	0	14.0	5.79	9	9	1	1.57	-	1.21	.354	.586	.940	7.71	3.21	10.93	2.40	18.86
Peralta, J 		0	3	24.2	6.20	17	17	3	1.58	.000	0.65	.372	.505	.877	8.03	4.38	9.85	1.83	18.36
Percival, T 		0	1	11.1	6.35	8	8	3	1.68	.000	0.44	.385	.587	.972	5.56	3.97	11.12	1.40	19.32
Perry, R 		0	1	61.2	3.79	30	26	7	1.52	.000	1.08	.352	.386	.738	8.76	5.55	8.17	1.58	18.49
Ramirez, E 		0	0	22.0	5.73	15	14	6	1.95	-	0.69	.394	.517	.911	9.00	7.36	10.23	1.22	20.41
Ramirez, H 		0	2	22.2	5.96	16	15	3	1.68	.000	1.07	.369	.500	.869	5.16	4.37	10.72	1.18	16.37
Ramirez, R 		0	0	12.1	3.65	5	5	2	0.97	-	0.93	.271	.372	.643	5.84	2.92	5.84	2.00	15.00
Ramos, C 		0	1	14.2	3.07	5	5	0	1.57	.000	1.91	.371	.379	.750	6.14	2.45	11.66	2.50	16.30
Rapada, C 		0	0	3.1	5.40	2	2	1	1.80	-	1.67	.375	.571	.946	5.40	5.40	10.80	1.00	16.80
Ray, C 		0	4	43.1	7.27	36	35	8	2.01	.000	1.12	.419	.566	.985	8.10	4.78	13.29	1.70	18.12
Register, S 		0	0	2.0	4.50	1	1	0	2.00	-	0.67	.455	.667	1.121	4.50	4.50	13.50	1.00	23.50
Reineke, C 		0	0	5.0	7.20	4	4	2	1.40	-	0.40	.364	.714	1.078	1.80	0.00	12.60	-	17.80
Reyes, D 		0	2	41.0	3.29	17	15	2	1.37	.000	1.87	.337	.320	.657	7.24	4.61	7.68	1.57	16.32
Reyes, J 		0	2	27.0	7.00	25	21	4	1.48	.000	2.26	.347	.515	.862	7.00	4.33	9.00	1.62	16.04
Richardson, D 		0	0	3.1	0.00	0	0	0	1.20	-	0.43	.286	.250	.536	0.00	2.70	8.10	0.00	15.90
Riske, D 		0	0	1.0	18.00	2	2	0	4.00	-	2.00	.667	1.000	1.667	0.00	0.00	36.00	-	25.00
Rodriguez, F 		0	0	0.2	27.00	3	2	1	4.50	-	1.00	.500	1.000	1.500	13.50	27.00	13.50	0.50	51.00
Rodriguez, H 		0	0	4.0	2.25	2	1	0	1.50	-	1.25	.350	.235	.585	9.00	4.50	9.00	2.00	18.75
Rodriguez, R 		0	1	30.2	5.58	22	19	4	1.83	.000	2.12	.396	.538	.934	2.93	2.64	13.79	1.11	14.97
Roenicke, J 		0	0	31.0	5.23	19	18	2	1.55	-	1.36	.355	.350	.705	9.58	4.65	9.29	2.06	17.65
Rogers, E 		0	0	4.0	4.50	2	2	0	1.25	-	2.00	.313	.231	.543	6.75	4.50	6.75	1.50	20.00
Romero, J 		0	0	16.2	2.70	6	5	2	1.56	-	1.50	.384	.328	.711	6.48	7.02	7.02	0.92	18.84
Rosa, C 		0	0	10.2	3.38	4	4	1	1.22	-	1.08	.302	.359	.661	3.38	2.53	8.44	1.33	16.03
Ross, C 		0	0	1.0	0.00	0	0	0	1.00	-	0.00	.250	.250	.500	0.00	0.00	9.00	-	19.00
Rundles, R 		0	0	1.0	0.00	0	0	0	2.00	-	0.00	.500	.500	1.000	9.00	9.00	9.00	1.00	31.00
Runzler, D 		0	0	8.2	1.04	1	1	1	1.27	-	0.88	.316	.281	.597	11.42	5.19	6.23	2.20	18.23
Rupe, J 		0	0	4.2	15.43	8	8	2	3.64	-	1.00	.548	.846	1.395	3.86	9.64	23.14	0.40	23.79
Sadler, B 		0	0	1.1	13.50	2	2	0	2.25	-	1.00	.429	.333	.762	13.50	6.75	13.50	2.00	18.75
Sarfate, D 		0	1	23.0	5.09	15	13	3	1.52	.000	0.74	.364	.440	.804	7.83	5.48	8.22	1.43	19.26
Schlichting, T 		0	0	2.2	3.38	2	1	1	2.25	-	0.75	.400	.444	.844	6.75	16.88	3.38	0.40	25.50
Shell, S 		0	0	5.0	5.40	3	3	1	1.40	-	0.43	.318	.500	.818	9.00	3.60	9.00	2.50	19.40
Silva, W 		0	2	24.2	8.76	28	24	4	1.99	.000	1.21	.405	.515	.920	4.01	5.47	12.41	0.73	19.78
Simon, A 		0	1	6.1	9.95	7	7	5	1.58	.000	0.50	.357	.885	1.242	4.26	2.84	11.37	1.50	18.32
Slaten, D 		0	0	6.1	7.11	5	5	1	1.74	-	1.50	.367	.586	.953	5.68	1.42	14.21	4.00	19.42
Smith, C 		0	0	46.0	4.11	21	21	11	1.30	-	0.61	.317	.463	.780	6.85	3.72	8.02	1.84	16.43
Smith, J 		0	0	34.0	3.44	16	13	4	1.26	-	1.92	.305	.402	.707	7.94	3.44	7.94	2.31	16.59
Speier, R 		0	0	5.2	4.76	3	3	0	1.59	-	2.25	.417	.421	.838	3.18	4.76	9.53	0.67	16.59
Stark, D 		0	1	11.0	6.55	9	8	2	2.09	.000	1.27	.426	.465	.891	5.73	8.18	10.64	0.70	21.82
Stoner, T 		0	0	9.0	4.00	4	4	2	1.33	-	0.91	.343	.500	.843	5.00	3.00	9.00	1.67	13.89
Strop, P 		0	0	7.0	7.71	6	6	0	1.43	-	0.83	.333	.346	.679	11.57	5.14	7.71	2.25	18.29
Swindle, R 		0	0	6.2	16.20	12	12	3	2.40	-	1.40	.459	.750	1.209	10.80	5.40	16.20	2.00	22.80
Swisher, N 		0	0	1.0	0.00	0	0	0	2.00	-	0.00	.400	.250	.650	9.00	9.00	9.00	1.00	22.00
Switzer, J 		0	0	3.1	8.10	3	3	1	1.80	-	1.33	.412	.571	.983	8.10	5.40	10.80	1.50	20.10
Takahashi, K 		0	1	27.1	2.96	9	9	2	1.35	.000	0.97	.336	.388	.724	7.57	4.61	7.57	1.64	16.98
Taylor, G 		0	2	11.0	8.18	14	10	0	2.55	.000	0.71	.468	.383	.851	4.09	9.82	13.09	0.42	23.27
Thayer, D 		0	0	13.2	4.61	9	7	3	1.39	-	0.57	.322	.500	.822	5.27	0.66	11.85	8.00	16.83
Thompson, R 		0	0	19.1	5.12	11	11	6	1.76	-	0.68	.385	.610	.994	9.78	3.26	12.57	3.00	19.40
Todd, J 		0	1	22.1	7.66	19	19	4	1.93	.000	0.81	.398	.516	.914	8.06	3.63	13.70	2.22	19.30
Towers, J 		0	0	5.1	3.38	3	2	0	1.31	-	0.36	.320	.409	.729	3.38	1.69	10.13	2.00	13.13
Traber, B 		0	0	3.2	12.27	5	5	2	2.73	-	0.50	.500	.842	1.342	2.45	2.45	22.09	1.00	19.36
Van Every, J 		0	0	0.2	0.00	0	0	0	3.00	-	0.00	.500	.667	1.167	0.00	13.50	13.50	0.00	22.50
Viola, P 		0	0	7.0	5.14	4	4	2	1.43	-	0.78	.345	.500	.845	6.43	3.86	9.00	1.67	16.00
Waddell, J 		0	0	1.2	5.40	1	1	0	1.80	-	2.00	.375	.375	.750	10.80	0.00	16.20	-	18.60
Waechter, D 		0	0	5.1	8.44	5	5	2	2.25	-	0.86	.429	.708	1.137	5.06	5.06	15.19	1.00	21.19
Walker, J 		0	0	12.1	5.11	8	7	5	1.54	-	0.93	.370	.765	1.135	6.57	0.00	13.86	-	17.76
Walters, P 		0	0	16.0	9.56	19	17	6	1.88	-	1.71	.380	.623	1.003	7.88	5.06	11.81	1.56	19.38
Webb, B 		0	0	4.0	13.50	6	6	2	2.00	-	3.50	.450	.824	1.274	4.50	4.50	13.50	1.00	19.25
Whisler, W 		0	0	1.1	13.50	2	2	0	2.25	-	1.00	.429	.000	.429	13.50	20.25	0.00	0.67	22.50
Williams, R 		0	1	17.2	4.58	9	9	2	1.42	.000	1.31	.354	.333	.688	11.21	6.11	6.62	1.83	18.17
Wilson, J 		0	1	2.0	13.50	3	3	1	2.50	.000	1.00	.556	1.000	1.556	0.00	9.00	13.50	0.00	20.50
Yates, T 		0	2	12.0	7.50	12	10	2	1.75	.000	1.36	.407	.533	.941	6.75	5.25	10.50	1.29	17.50
