Halladay, R 		21	10	250.2	2.44	74	68	24	1.04	.677	1.61	.271	.373	.645	7.86	1.08	8.29	7.30	14.23
Sabathia, C 		21	7	237.2	3.18	92	84	20	1.19	.750	1.37	.301	.355	.656	7.46	2.80	7.91	2.66	15.09
Wainwright, A 		20	11	230.1	2.42	68	62	15	1.05	.645	1.74	.274	.330	.604	8.32	2.19	7.27	3.80	14.57
Jimenez, U 		19	8	221.2	2.88	73	71	10	1.15	.704	1.43	.299	.311	.610	8.69	3.74	6.66	2.33	16.24
Lester, J 		19	9	208.0	3.25	81	75	14	1.20	.679	1.82	.303	.325	.628	9.74	3.59	7.23	2.71	16.14
Price, D 		19	6	208.2	2.72	71	63	15	1.19	.760	1.08	.296	.340	.637	8.11	3.41	7.33	2.38	16.08
Cahill, T 		18	8	196.2	2.97	73	65	19	1.11	.692	2.02	.287	.332	.619	5.40	2.88	7.09	1.87	15.45
Hughes, P 		18	8	176.1	4.19	83	82	25	1.25	.692	0.69	.302	.400	.702	7.45	2.96	8.27	2.52	17.05
Verlander, J 		18	9	224.1	3.37	89	84	14	1.16	.667	0.91	.291	.339	.630	8.79	2.85	7.62	3.08	16.69
Arroyo, B 		17	10	215.2	3.88	95	93	29	1.15	.630	0.99	.289	.389	.679	5.05	2.46	7.85	2.05	15.10
Buchholz, C 		17	7	173.2	2.33	55	45	9	1.20	.708	1.54	.303	.312	.615	6.22	3.47	7.36	1.79	16.18
Hudson, T 		17	9	228.2	2.83	74	72	20	1.15	.654	2.89	.299	.343	.641	5.47	2.91	7.44	1.88	14.60
Pavano, C 		17	11	221.0	3.75	95	92	24	1.19	.607	1.51	.300	.417	.717	4.76	1.51	9.24	3.16	14.20
Santana, E 		17	10	222.2	3.92	104	97	27	1.32	.630	0.75	.324	.420	.744	6.83	2.95	8.93	2.32	15.99
Carpenter, C 		16	9	235.0	3.22	99	84	21	1.18	.640	1.50	.302	.377	.680	6.86	2.41	8.20	2.84	15.10
Lincecum, T 		16	10	212.1	3.43	84	81	18	1.27	.615	1.33	.310	.364	.674	9.79	3.22	8.22	3.04	16.19
Lowe, D 		16	12	193.2	4.00	88	86	18	1.37	.571	2.45	.330	.398	.728	6.32	2.83	9.48	2.23	16.35
Cecil, B 		15	7	172.2	4.22	87	81	18	1.33	.682	1.21	.317	.416	.733	6.10	2.81	9.12	2.17	15.70
Danks, J 		15	11	213.0	3.72	93	88	18	1.22	.577	1.12	.301	.355	.657	6.85	2.96	7.99	2.31	15.91
Dempster, R 		15	12	215.1	3.85	110	92	25	1.32	.556	1.36	.323	.388	.712	8.69	3.59	8.28	2.42	16.70
Garza, M 		15	10	204.2	3.91	94	89	28	1.25	.600	0.73	.308	.420	.728	6.60	2.77	8.49	2.38	16.03
Gonzalez, G 		15	9	200.2	3.23	75	72	15	1.31	.625	1.32	.316	.329	.644	7.67	4.13	7.67	1.86	16.79
Pelfrey, M 		15	9	204.0	3.66	88	83	12	1.38	.625	1.42	.337	.398	.735	4.99	3.00	9.40	1.66	16.70
Wilson, C 		15	8	204.0	3.35	83	76	10	1.25	.652	1.30	.311	.311	.622	7.50	4.10	7.10	1.83	16.86
Gallardo, Y 		14	7	185.0	3.84	89	79	12	1.37	.667	1.09	.324	.370	.693	9.73	3.65	8.66	2.67	17.31
Garland, J 		14	12	200.0	3.47	86	77	20	1.32	.538	1.77	.323	.371	.694	6.12	3.92	7.92	1.56	16.27
Lackey, J 		14	11	215.0	4.40	114	105	18	1.42	.560	1.25	.339	.426	.765	6.53	3.01	9.75	2.17	16.73
Latos, M 		14	10	184.2	2.92	63	60	16	1.08	.583	1.00	.272	.330	.601	9.21	2.44	7.31	3.78	16.06
Liriano, F 		14	10	191.2	3.62	77	77	9	1.26	.583	1.80	.315	.355	.670	9.44	2.72	8.64	3.47	15.76
Myers, B 		14	8	223.2	3.14	88	78	20	1.24	.636	1.38	.303	.379	.683	7.24	2.66	8.53	2.73	15.46
Nolasco, R 		14	9	157.2	4.51	82	79	24	1.28	.609	0.89	.309	.456	.766	8.39	1.88	9.65	4.45	15.70
Richard, C 		14	9	201.2	3.75	89	84	16	1.41	.609	1.20	.337	.381	.718	6.83	3.48	9.19	1.96	15.93
Romero, R 		14	9	210.0	3.73	98	87	15	1.29	.609	2.09	.320	.354	.673	7.46	3.51	8.10	2.12	15.43
Buehrle, M 		13	13	210.1	4.28	105	100	17	1.40	.500	1.16	.332	.418	.751	4.24	2.10	10.53	2.02	15.72
Cain, M 		13	11	223.1	3.14	84	78	22	1.08	.542	0.73	.276	.369	.646	7.13	2.46	7.29	2.90	15.68
Garcia, J 		13	8	163.1	2.70	64	49	9	1.32	.619	1.99	.315	.323	.638	7.27	3.53	8.32	2.06	15.97
Hernandez, F 		13	12	249.2	2.27	80	63	17	1.06	.520	1.72	.273	.312	.585	8.36	2.52	6.99	3.31	14.94
Hernandez, R 		13	14	210.1	3.77	98	88	17	1.31	.481	1.82	.323	.380	.703	5.31	3.08	8.69	1.72	15.71
Hunter, T 		13	4	128.0	3.73	55	53	21	1.24	.765	0.99	.304	.436	.740	4.78	2.32	8.86	2.06	14.88
Kershaw, C 		13	10	204.1	2.91	73	66	13	1.18	.565	0.93	.295	.320	.615	9.34	3.57	7.05	2.62	16.59
Marcum, S 		13	8	195.1	3.64	84	79	24	1.15	.619	0.85	.288	.403	.691	7.60	1.98	8.34	3.84	15.58
Oswalt, R 		13	13	211.2	2.76	70	65	19	1.03	.500	1.20	.268	.346	.614	8.21	2.34	6.89	3.51	15.09
Sanchez, A 		13	12	195.0	3.55	89	77	10	1.34	.520	1.04	.325	.356	.680	7.25	3.23	8.86	2.24	16.58
Sanchez, J 		13	9	193.1	3.07	74	66	21	1.23	.591	0.86	.307	.343	.650	9.54	4.47	6.61	2.14	16.73
Shields, J 		13	15	203.1	5.18	128	117	34	1.46	.464	1.05	.338	.490	.828	8.28	2.26	10.89	3.67	16.48
Slowey, K 		13	6	155.2	4.45	80	77	21	1.29	.684	0.54	.311	.459	.770	6.71	1.68	9.94	4.00	16.56
Weaver, J 		13	12	224.1	3.01	83	75	23	1.07	.520	0.73	.267	.355	.622	9.35	2.17	7.50	4.31	16.55
Wolf, R 		13	12	215.2	4.17	107	100	29	1.39	.520	0.93	.333	.430	.764	5.93	3.63	8.89	1.63	16.58
Baker, S 		12	9	170.1	4.49	87	85	23	1.34	.571	0.80	.325	.468	.793	7.82	2.27	9.83	3.44	15.72
Billingsley, C 		12	11	191.2	3.57	82	76	8	1.28	.522	1.56	.315	.353	.668	8.03	3.24	8.26	2.48	16.35
Chen, B 		12	7	140.1	4.17	68	65	17	1.38	.632	0.70	.326	.409	.735	6.29	3.66	8.72	1.72	17.20
Cueto, J 		12	7	185.2	3.64	79	75	19	1.28	.632	0.97	.319	.408	.727	6.69	2.71	8.77	2.46	16.79
Davis, W 		12	10	168.0	4.07	77	76	24	1.35	.545	0.78	.323	.433	.756	6.05	3.32	8.84	1.82	16.60
Garcia, F 		12	6	157.0	4.64	85	81	23	1.38	.667	0.94	.329	.475	.804	5.10	2.58	9.80	1.98	15.74
Hamels, C 		12	11	208.2	3.06	74	71	26	1.18	.522	1.22	.299	.394	.693	9.10	2.63	7.98	3.46	16.14
Haren, D 		12	12	235.0	3.91	110	102	31	1.27	.500	0.97	.308	.429	.736	8.27	2.07	9.38	4.00	15.95
Lee, C 		12	9	212.1	3.18	84	75	16	1.00	.571	0.85	.255	.363	.618	7.84	0.76	8.27	10.28	14.04
Lewis, C 		12	13	201.0	3.72	90	83	21	1.19	.480	0.80	.292	.369	.660	8.78	2.91	7.79	3.02	16.42
Narveson, C 		12	9	167.2	4.99	96	93	21	1.38	.571	0.96	.330	.431	.761	7.35	3.17	9.23	2.32	17.25
Niemann, J 		12	8	174.1	4.39	86	85	25	1.26	.600	1.08	.312	.412	.724	6.76	3.15	8.21	2.15	15.12
Scherzer, M 		12	11	195.2	3.50	84	76	20	1.25	.522	0.98	.316	.383	.700	8.46	3.22	8.00	2.63	16.85
Volstad, C 		12	9	175.0	4.58	94	89	17	1.41	.571	1.31	.340	.415	.755	5.25	3.09	9.62	1.70	16.16
Braden, D 		11	14	192.2	3.50	83	75	17	1.16	.440	0.99	.294	.373	.668	5.28	2.01	8.41	2.63	14.79
Clippard, T 		11	8	91.0	3.07	33	31	8	1.21	.579	0.55	.299	.348	.646	11.08	4.05	6.82	2.73	17.29
Dickey, R 		11	9	174.1	2.84	62	55	13	1.19	.550	1.70	.299	.361	.660	5.37	2.17	8.52	2.48	14.98
Guthrie, J 		11	14	209.1	3.83	93	89	25	1.16	.440	0.93	.298	.416	.714	5.12	2.15	8.30	2.38	15.88
Johnson, J 		11	6	183.2	2.30	51	47	7	1.11	.647	1.18	.282	.325	.607	9.11	2.35	7.60	3.88	16.27
Kendrick, K 		11	10	180.2	4.73	103	95	26	1.37	.524	1.23	.329	.477	.807	4.18	2.44	9.91	1.71	15.65
Kuroda, H 		11	13	196.1	3.39	87	74	15	1.16	.458	1.54	.291	.351	.642	7.29	2.20	8.25	3.31	15.42
Pettitte, A 		11	3	129.0	3.28	52	47	13	1.27	.786	1.13	.316	.386	.703	7.05	2.86	8.58	2.46	15.50
Rodriguez, W 		11	12	195.0	3.60	95	78	16	1.29	.478	1.37	.319	.381	.700	8.22	3.14	8.45	2.62	16.44
Santana, J 		11	9	199.0	2.98	67	66	16	1.18	.550	0.75	.292	.356	.648	6.51	2.49	8.10	2.62	15.10
Zambrano, C 		11	6	129.2	3.33	55	48	7	1.45	.647	1.15	.345	.333	.678	8.12	4.79	8.26	1.70	17.61
Blackburn, N 		10	12	161.0	5.42	101	97	25	1.45	.455	1.59	.345	.495	.839	3.80	2.24	10.84	1.70	14.78
Burnett, A 		10	15	186.2	5.26	118	109	25	1.51	.400	1.14	.366	.457	.824	6.99	3.76	9.84	1.86	16.70
Correia, K 		10	10	145.0	5.40	89	87	20	1.49	.500	1.66	.348	.435	.783	7.14	3.97	9.43	1.80	17.38
Duensing, B 		10	3	130.2	2.62	42	38	11	1.20	.769	1.64	.301	.365	.666	5.37	2.41	8.40	2.23	14.43
Floyd, G 		10	13	187.1	4.08	92	85	14	1.37	.435	1.42	.331	.388	.719	7.25	2.79	9.56	2.60	16.12
Greinke, Z 		10	14	220.0	4.17	114	102	18	1.25	.417	1.32	.308	.388	.696	7.40	2.25	8.96	3.29	15.66
Hammel, J 		10	9	177.2	4.81	97	95	18	1.40	.526	1.41	.335	.420	.755	7.14	2.38	10.18	3.00	15.97
Hanson, T 		10	11	202.2	3.33	86	75	14	1.17	.476	0.91	.301	.347	.648	7.68	2.49	8.08	3.09	16.14
Hernandez, L 		10	12	211.2	3.66	93	86	16	1.32	.455	0.90	.323	.393	.716	4.85	2.72	9.18	1.78	15.34
Jackson, E 		10	12	209.1	4.47	111	104	21	1.39	.455	1.38	.333	.402	.735	7.78	3.35	9.20	2.32	16.04
Lilly, T 		10	12	193.2	3.62	83	78	32	1.08	.455	0.57	.278	.421	.698	7.71	2.04	7.67	3.77	15.01
Matusz, B 		10	12	175.2	4.30	88	84	19	1.34	.455	0.77	.322	.395	.718	7.33	3.23	8.86	2.27	17.12
Morrow, B 		10	7	146.1	4.49	76	73	11	1.38	.588	0.91	.337	.389	.725	10.95	4.06	8.36	2.70	17.24
Pineiro, J 		10	7	152.1	3.84	66	65	15	1.24	.588	1.89	.301	.416	.716	5.44	2.01	9.16	2.71	15.14
Porcello, R 		10	12	162.2	4.92	96	89	18	1.39	.455	1.45	.333	.419	.752	4.65	2.10	10.40	2.21	15.93
Silva, C 		10	6	113.0	4.22	55	53	11	1.27	.625	1.32	.317	.417	.734	6.37	1.91	9.56	3.33	15.41
Takahashi, H 		10	6	122.0	3.61	51	49	13	1.30	.625	0.89	.314	.398	.712	8.41	3.17	8.56	2.65	16.97
Talbot, M 		10	13	159.1	4.41	88	78	13	1.49	.435	1.20	.354	.407	.761	4.97	3.90	9.55	1.28	16.51
Vazquez, J 		10	10	157.1	5.32	96	93	32	1.40	.500	0.72	.333	.485	.818	6.92	3.72	8.87	1.86	17.19
Westbrook, J 		10	11	202.2	4.22	99	95	20	1.34	.476	2.08	.326	.401	.727	5.68	3.02	9.01	1.88	16.45
Blanton, J 		9	6	175.2	4.82	104	94	27	1.42	.600	1.07	.332	.464	.796	6.87	2.20	10.55	3.12	15.64
Chacin, J 		9	11	137.1	3.28	64	50	10	1.27	.450	1.41	.319	.331	.650	9.04	4.00	7.47	2.26	16.78
Kazmir, S 		9	15	150.0	5.94	103	99	25	1.58	.375	0.90	.367	.474	.841	5.58	4.74	9.48	1.18	18.25
Kennedy, I 		9	10	194.0	3.80	87	82	26	1.20	.474	0.83	.304	.392	.696	7.79	3.25	7.56	2.40	16.34
League, B 		9	7	79.0	3.42	38	30	7	1.19	.563	3.33	.298	.332	.630	6.38	3.08	7.63	2.07	14.35
Maholm, P 		9	15	185.1	5.10	119	105	15	1.56	.375	1.66	.360	.452	.812	4.95	3.01	11.07	1.65	16.55
Matsuzaka, D 		9	6	153.2	4.69	84	80	13	1.37	.600	0.66	.331	.375	.706	7.79	4.33	8.02	1.80	17.04
Moyer, J 		9	9	111.2	4.84	64	60	20	1.10	.500	0.97	.282	.433	.715	5.08	1.61	8.30	3.15	15.64
Niese, J 		9	10	173.2	4.20	97	81	20	1.46	.474	1.40	.346	.437	.783	7.67	3.21	9.95	2.39	16.97
Norris, B 		9	10	153.2	4.92	94	84	18	1.48	.474	1.12	.346	.412	.758	9.25	4.51	8.84	2.05	17.74
Saunders, J 		9	17	203.1	4.47	120	101	25	1.46	.346	1.13	.344	.457	.801	5.05	2.83	10.27	1.78	16.30
Vargas, J 		9	12	192.2	3.78	86	81	18	1.25	.429	0.71	.300	.399	.699	5.42	2.52	8.74	2.15	15.67
Zito, B 		9	14	199.1	4.15	97	92	20	1.34	.391	0.82	.329	.396	.726	6.77	3.79	8.31	1.79	16.30
Axford, J 		8	2	58.0	2.48	17	16	1	1.19	.800	1.23	.297	.291	.588	11.79	4.19	6.52	2.81	17.05
Bergesen, B 		8	12	170.0	4.98	104	94	26	1.44	.400	1.45	.339	.490	.828	4.29	2.70	10.22	1.59	15.35
Bonderman, J 		8	10	171.0	5.53	113	105	25	1.44	.444	1.04	.342	.448	.790	5.89	3.16	9.84	1.87	16.01
Bush, D 		8	13	174.1	4.54	108	88	28	1.51	.381	0.97	.346	.481	.826	5.52	3.36	10.22	1.65	16.94
Davies, K 		8	12	183.2	5.34	114	109	20	1.56	.400	0.94	.354	.439	.793	6.17	3.92	10.09	1.58	17.03
De La Rosa, J 		8	7	121.2	4.22	62	57	15	1.32	.533	1.87	.324	.413	.737	8.36	4.07	7.77	2.05	16.65
Duke, Z 		8	15	159.0	5.72	115	101	25	1.65	.348	1.50	.370	.511	.881	5.43	2.89	12.00	1.88	16.59
Hernandez, D 		8	8	79.1	4.31	40	38	9	1.44	.500	0.50	.340	.393	.733	8.17	4.76	8.17	1.71	17.89
Hudson, D 		8	2	95.1	2.45	26	26	8	1.00	.800	0.76	.268	.312	.579	7.93	2.55	6.42	3.11	15.05
Lannan, J 		8	8	143.1	4.65	82	74	14	1.56	.500	1.78	.357	.441	.799	4.46	3.08	10.99	1.45	16.43
Leake, M 		8	4	138.1	4.23	77	65	19	1.50	.667	1.58	.352	.452	.804	5.92	3.19	10.28	1.86	15.40
LeBlanc, W 		8	12	146.0	4.25	69	69	24	1.42	.400	0.80	.340	.478	.818	6.78	3.14	9.68	2.16	16.52
Wells, R 		8	14	194.1	4.26	97	92	19	1.40	.364	1.26	.333	.413	.745	6.67	2.92	9.68	2.29	15.88
Anderson, B 		7	6	112.1	2.80	41	35	6	1.19	.538	1.68	.302	.353	.655	6.01	1.76	8.97	3.41	16.03
Bannister, B 		7	12	127.2	6.34	92	90	23	1.63	.368	1.17	.365	.503	.868	5.43	3.52	11.14	1.54	16.97
Belisle, M 		7	5	92.0	2.93	34	30	7	1.09	.583	1.44	.283	.364	.646	8.90	1.57	8.22	5.69	15.83
Bumgarner, M 		7	6	111.0	3.00	40	37	11	1.31	.538	1.01	.318	.414	.732	6.97	2.11	9.65	3.31	15.50
Casilla, S 		7	2	55.1	1.95	14	12	2	1.19	.778	1.68	.314	.286	.600	9.11	4.23	6.51	2.15	16.23
Coke, P 		7	5	64.2	3.76	29	27	2	1.44	.583	0.93	.350	.348	.699	7.38	3.62	9.32	2.04	16.24
Feldman, S 		7	11	141.1	5.41	97	85	17	1.59	.389	1.08	.362	.480	.842	4.78	2.87	11.46	1.67	17.05
Figueroa, N 		7	4	93.0	3.29	38	34	10	1.27	.636	0.98	.312	.390	.702	7.06	3.29	8.13	2.15	17.17
Gorzelanny, T 		7	9	136.1	4.09	70	62	11	1.50	.438	1.01	.343	.399	.742	7.86	4.49	8.98	1.75	17.05
Jurrjens, J 		7	6	116.1	4.64	63	60	13	1.39	.538	1.06	.333	.458	.791	6.65	3.25	9.28	2.05	15.70
Lopez, R 		7	16	200.0	5.00	126	111	37	1.42	.304	0.86	.333	.500	.833	5.22	2.52	10.22	2.07	15.44
Marshall, S 		7	5	74.2	2.65	25	22	3	1.11	.583	1.91	.279	.290	.569	10.85	3.01	6.99	3.60	15.94
Peavy, J 		7	6	107.0	4.63	55	55	13	1.23	.538	0.84	.305	.393	.698	7.82	2.86	8.24	2.74	15.99
Putz, J 		7	5	54.0	2.83	18	17	4	1.04	.583	1.15	.261	.313	.575	10.83	2.50	6.83	4.33	14.94
Wagner, B 		7	2	69.1	1.43	14	11	5	0.87	.778	0.81	.238	.255	.493	13.50	2.86	4.93	4.73	15.89
Arrieta, J 		6	6	100.1	4.66	57	52	9	1.53	.500	0.98	.355	.412	.767	4.66	4.31	9.51	1.08	17.12
Atilano, L 		6	7	85.2	5.15	56	49	11	1.49	.462	1.07	.344	.469	.813	4.20	3.36	10.09	1.25	16.94
Beckett, J 		6	6	127.2	5.78	89	82	20	1.54	.500	1.41	.356	.492	.848	8.18	3.17	10.64	2.58	17.01
Bell, H 		6	1	70.0	1.93	17	15	1	1.20	.857	0.97	.300	.285	.585	11.06	3.60	7.20	3.07	17.46
Contreras, J 		6	4	56.2	3.34	22	21	5	1.22	.600	1.35	.319	.380	.699	9.05	2.54	8.42	3.56	15.99
Cook, A 		6	8	127.2	5.08	77	72	11	1.56	.429	2.42	.357	.402	.759	4.37	3.67	10.36	1.19	15.42
Cordero, F 		6	5	72.2	3.84	32	31	5	1.43	.545	0.96	.337	.344	.681	7.31	4.46	8.42	1.64	17.75
Enright, B 		6	7	99.0	3.91	43	43	20	1.27	.462	0.79	.316	.491	.806	4.45	2.64	8.82	1.69	14.98
Fister, D 		6	14	171.0	4.11	85	78	13	1.28	.300	1.16	.313	.385	.698	4.89	1.68	9.84	2.91	15.79
Francisco, F 		6	4	52.2	3.76	23	22	5	1.27	.600	0.73	.312	.369	.681	10.25	3.08	8.37	3.33	16.50
Franklin, R 		6	2	65.0	3.46	25	25	7	1.03	.750	1.17	.270	.391	.661	5.82	1.38	7.89	4.20	15.12
Happ, J 		6	4	87.1	3.40	37	33	8	1.37	.600	0.91	.328	.360	.688	7.21	4.84	7.52	1.49	18.05
Harang, A 		6	7	111.2	5.32	71	66	16	1.59	.462	0.77	.362	.479	.841	6.61	3.06	11.20	2.16	18.46
Hochevar, L 		6	6	103.0	4.81	61	55	9	1.43	.500	1.26	.337	.417	.754	6.64	3.23	9.61	2.05	15.94
Lyon, B 		6	6	78.0	3.12	28	27	2	1.27	.500	0.90	.310	.312	.622	6.23	3.58	7.85	1.74	16.09
Madson, R 		6	2	53.0	2.55	16	15	4	1.04	.750	1.29	.274	.308	.582	10.87	2.21	7.13	4.92	15.74
Masterson, J 		6	13	180.0	4.70	107	94	14	1.50	.316	2.27	.353	.385	.738	7.00	3.65	9.85	1.92	17.17
Mazzaro, V 		6	8	122.1	4.27	70	58	19	1.45	.429	1.18	.340	.425	.765	5.81	3.68	9.34	1.58	16.95
Medlen, K 		6	2	107.2	3.68	48	44	13	1.20	.750	1.24	.306	.418	.725	6.94	1.76	9.03	3.95	14.82
Moylan, P 		6	2	63.2	2.97	24	21	5	1.41	.750	4.19	.346	.347	.693	7.35	5.23	7.49	1.41	16.68
O'Day, D 		6	2	62.0	2.03	15	14	5	0.89	.750	0.79	.251	.297	.548	6.53	1.74	6.24	3.75	14.47
Padilla, V 		6	5	95.0	4.07	46	43	14	1.08	.545	0.90	.286	.386	.672	7.96	2.27	7.48	3.50	15.43
Perez, R 		6	1	61.0	3.25	23	22	3	1.59	.857	2.33	.365	.383	.748	5.31	3.69	10.62	1.44	17.20
Robertson, N 		6	8	101.1	5.95	76	67	12	1.55	.429	1.03	.361	.466	.827	5.60	3.73	10.21	1.50	16.62
Stauffer, T 		6	5	82.2	1.85	18	17	3	1.08	.545	1.85	.282	.310	.591	6.64	2.61	7.08	2.54	14.89
Thomas, B 		6	2	69.1	3.89	31	30	4	1.53	.750	1.55	.363	.413	.776	3.89	3.76	10.00	1.03	16.33
Tomlin, J 		6	4	73.0	4.56	38	37	10	1.25	.600	0.62	.315	.458	.773	5.30	2.34	8.88	2.26	15.23
Albers, M 		5	3	75.2	4.52	41	38	6	1.48	.625	1.98	.350	.376	.726	5.83	4.04	9.28	1.44	17.21
Betancourt, R 		5	1	62.1	3.61	25	25	9	0.96	.833	0.50	.245	.381	.626	12.85	1.16	7.51	11.13	14.81
Broxton, J 		5	6	62.1	4.04	30	28	4	1.48	.455	1.37	.351	.367	.718	10.54	4.04	9.24	2.61	17.50
Capps, M 		5	3	73.0	2.47	27	20	6	1.26	.625	1.64	.307	.382	.688	7.27	2.10	9.25	3.47	14.52
Chavez, J 		5	5	62.2	5.89	44	41	11	1.47	.500	0.64	.338	.496	.834	6.46	3.30	9.91	1.96	16.85
Downs, S 		5	5	61.1	2.64	19	18	3	0.99	.500	2.07	.270	.314	.584	7.04	2.05	6.90	3.43	15.26
French, L 		5	7	87.2	4.83	47	47	13	1.33	.417	0.52	.326	.452	.779	3.80	2.98	9.03	1.28	14.90
Guerrier, M 		5	7	71.0	3.17	28	25	7	1.10	.417	1.18	.285	.340	.625	5.32	2.79	7.10	1.91	14.72
Harden, R 		5	5	92.0	5.58	61	57	18	1.66	.500	0.73	.377	.465	.842	7.34	6.07	8.90	1.21	19.22
Heilman, A 		5	8	72.0	4.50	37	36	9	1.38	.385	0.78	.331	.423	.755	6.88	3.25	9.13	2.12	18.00
Janssen, C 		5	2	68.2	3.67	29	28	8	1.38	.714	1.44	.332	.415	.748	8.26	2.75	9.70	3.00	17.45
Lopez, W 		5	2	67.0	2.96	23	22	4	1.06	.714	1.74	.273	.379	.653	6.72	0.67	8.87	10.00	14.04
Meek, E 		5	4	80.0	2.14	25	19	5	1.05	.556	2.13	.273	.273	.546	7.88	3.49	5.96	2.26	16.69
Ondrusek, L 		5	0	58.2	3.68	25	24	7	1.18	1.000	1.32	.289	.381	.669	5.98	3.07	7.52	1.95	15.61
Papelbon, J 		5	7	67.0	3.90	34	29	7	1.27	.417	0.94	.309	.365	.674	10.21	3.76	7.66	2.71	17.42
Pena, R 		5	3	100.2	5.10	63	57	10	1.52	.625	1.30	.350	.415	.765	5.01	4.02	9.66	1.24	16.14
Ray, C 		5	0	55.2	3.72	23	23	5	1.31	1.000	0.96	.319	.382	.701	5.01	4.04	7.76	1.24	15.86
Romo, S 		5	3	62.0	2.18	16	15	6	0.97	.625	0.73	.261	.338	.599	10.16	2.03	6.68	5.00	14.73
Sanabia, A 		5	3	72.1	3.73	32	30	6	1.24	.625	0.73	.306	.380	.686	5.85	1.99	9.21	2.94	15.65
Strasburg, S 		5	3	68.0	2.91	25	22	5	1.07	.625	1.38	.268	.328	.596	12.18	2.25	7.41	5.41	15.78
Thornton, M 		5	4	60.2	2.67	18	18	3	1.01	.556	1.08	.264	.284	.547	12.02	2.97	6.08	4.05	16.20
Weaver, J 		5	1	44.1	6.09	30	30	5	1.53	.833	0.84	.361	.461	.822	5.28	4.06	9.74	1.30	16.38
Wood, T 		5	4	102.2	3.51	45	40	9	1.08	.556	0.62	.276	.339	.616	7.54	2.28	7.45	3.31	15.71
Adams, M 		4	1	66.2	1.76	14	13	2	1.07	.800	0.77	.265	.261	.526	9.86	3.11	6.48	3.17	16.17
Affeldt, J 		4	3	50.0	4.14	25	23	4	1.60	.571	2.18	.376	.420	.795	7.92	4.32	10.08	1.83	15.88
Bailey, H 		4	3	109.0	4.46	55	54	11	1.37	.571	1.06	.328	.415	.744	8.26	3.30	9.00	2.50	17.74
Bonine, E 		4	1	68.0	4.63	37	35	7	1.56	.800	1.36	.360	.458	.818	3.44	2.91	11.12	1.18	15.71
Breslow, C 		4	4	74.2	3.01	26	25	9	1.10	.500	0.58	.272	.348	.620	8.56	3.50	6.39	2.45	16.54
Burres, B 		4	5	79.1	4.99	48	44	9	1.53	.444	1.23	.354	.481	.835	5.11	3.86	9.87	1.32	17.09
Camp, S 		4	3	72.1	2.99	26	24	8	1.23	.571	1.71	.312	.416	.728	5.72	2.24	8.83	2.56	14.94
Capuano, C 		4	4	66.0	3.95	29	29	9	1.30	.500	0.96	.316	.438	.755	7.36	2.86	8.86	2.57	16.05
Choate, R 		4	3	44.2	4.23	23	21	3	1.30	.571	2.58	.330	.356	.686	8.06	3.43	8.26	2.35	15.87
Coleman, C 		4	2	57.0	4.11	27	26	3	1.42	.667	1.30	.337	.367	.705	4.26	3.95	8.84	1.08	15.89
Cormier, L 		4	3	62.0	3.92	28	27	7	1.65	.571	1.41	.368	.442	.810	4.35	4.94	9.87	0.88	16.42
Dessens, E 		4	2	47.0	2.30	14	12	4	1.21	.667	0.97	.314	.380	.694	3.06	3.06	7.85	1.00	15.09
Durbin, C 		4	1	68.2	3.80	29	29	7	1.31	.800	1.09	.328	.410	.738	8.26	3.54	8.26	2.33	17.84
Ely, J 		4	10	100.0	5.49	63	61	12	1.45	.286	1.34	.345	.458	.803	6.84	3.60	9.45	1.90	16.33
Feliz, N 		4	3	69.1	2.73	21	21	5	0.88	.571	0.65	.246	.269	.516	9.22	2.34	5.58	3.94	15.46
Francis, J 		4	6	104.1	5.00	61	58	11	1.36	.400	1.51	.331	.446	.777	5.78	1.98	10.27	2.91	15.90
Fuentes, B 		4	1	48.0	2.81	17	15	5	1.06	.800	0.40	.273	.333	.607	8.81	3.75	5.81	2.35	16.96
Galarraga, A 		4	9	144.1	4.49	75	72	21	1.34	.308	0.70	.321	.444	.765	4.61	3.18	8.92	1.45	16.09
Gomez, J 		4	5	57.2	4.68	36	30	7	1.65	.444	1.32	.366	.475	.841	5.31	3.43	11.39	1.55	17.38
Gregerson, L 		4	7	78.1	3.22	30	28	8	0.83	.364	1.32	.223	.301	.524	10.23	2.07	5.40	4.94	14.13
Hanrahan, J 		4	1	69.2	3.62	28	28	6	1.21	.800	0.83	.299	.350	.649	12.92	3.36	7.49	3.85	16.88
Hawksworth, B 		4	8	90.1	4.98	56	50	15	1.64	.333	1.38	.370	.478	.848	6.08	3.49	11.26	1.74	16.51
Hellickson, J 		4	0	36.1	3.47	14	14	5	1.10	1.000	0.65	.282	.384	.666	8.17	1.98	7.93	4.13	16.16
Kimbrel, C 		4	0	20.2	0.44	2	1	0	1.21	1.000	0.33	.284	.153	.437	17.42	6.97	3.92	2.50	18.58
Lewis, J 		4	2	36.1	2.97	12	12	1	1.29	.667	0.74	.311	.300	.611	7.18	4.71	6.94	1.53	16.76
Lohse, K 		4	8	92.0	6.55	75	67	9	1.78	.333	1.19	.392	.513	.905	5.28	3.42	12.62	1.54	17.58
Lopez, J 		4	2	57.2	2.34	17	15	2	1.21	.667	2.30	.308	.329	.636	5.93	3.12	7.80	1.90	14.86
Masset, N 		4	4	76.2	3.40	31	29	7	1.27	.500	1.21	.307	.336	.643	9.98	3.87	7.51	2.58	16.58
McDonald, J 		4	6	71.2	4.02	32	32	4	1.38	.400	0.67	.329	.383	.712	8.54	3.64	8.79	2.34	16.87
Millwood, K 		4	16	190.2	5.10	116	108	30	1.51	.200	0.88	.352	.461	.813	6.23	3.07	10.53	2.03	16.84
Moseley, D 		4	4	65.1	4.96	36	36	13	1.42	.500	1.47	.342	.465	.807	4.55	3.72	9.09	1.22	15.70
Motte, J 		4	2	52.1	2.24	13	13	5	1.13	.667	0.89	.285	.333	.618	9.29	3.10	7.05	3.00	16.51
Nippert, D 		4	5	56.2	4.29	28	27	7	1.68	.444	0.69	.385	.432	.816	7.46	5.40	9.69	1.38	18.76
O'Sullivan, S 		4	6	83.2	5.49	53	51	15	1.45	.400	0.85	.332	.462	.794	4.63	3.33	9.68	1.39	16.96
Ogando, A 		4	1	41.2	1.30	6	6	2	1.13	.800	1.00	.286	.268	.554	8.42	3.46	6.70	2.44	16.70
Okajima, H 		4	4	46.0	4.50	24	23	6	1.72	.500	0.88	.378	.463	.841	6.46	3.91	11.54	1.65	18.63
Olsen, S 		4	8	81.0	5.56	54	50	10	1.48	.333	1.29	.345	.450	.795	5.89	3.00	10.33	1.96	16.28
Oviedo, J 		4	3	65.0	3.46	27	25	5	1.28	.571	1.77	.309	.379	.688	9.83	2.91	8.58	3.38	16.48
Park, C 		4	3	63.2	4.66	39	33	9	1.32	.571	1.29	.315	.419	.734	7.35	2.69	9.19	2.74	17.03
Pauley, D 		4	9	90.2	4.07	44	41	13	1.31	.308	1.32	.317	.396	.713	5.06	2.98	8.83	1.70	15.65
Rhodes, A 		4	4	55.0	2.29	14	14	4	1.02	.500	0.75	.265	.309	.574	8.18	2.95	6.22	2.78	16.04
Robertson, D 		4	5	61.1	3.82	26	26	5	1.50	.444	1.06	.354	.367	.721	10.42	4.84	8.66	2.15	19.14
Rodney, F 		4	3	68.0	4.24	33	32	4	1.54	.571	1.43	.359	.380	.739	7.01	4.63	9.26	1.51	18.81
Rodriguez, F 		4	2	57.1	2.20	14	14	3	1.15	.667	0.89	.289	.308	.597	10.52	3.30	7.06	3.19	16.92
Rzepczynski, M 		4	4	63.2	4.95	37	35	8	1.60	.500	1.87	.374	.466	.840	8.06	4.24	10.18	1.90	16.99
Sheets, B 		4	9	119.1	4.53	65	60	18	1.39	.308	1.17	.327	.486	.813	6.34	3.24	9.28	1.95	16.34
Simon, A 		4	2	49.1	4.93	30	27	10	1.54	.667	1.22	.353	.472	.825	6.75	4.01	9.85	1.68	17.37
Slaten, D 		4	1	40.2	3.10	18	14	2	1.30	.800	1.10	.328	.298	.626	7.97	4.20	7.52	1.89	15.81
Stammen, C 		4	4	128.0	5.13	78	73	13	1.50	.500	1.94	.346	.468	.814	5.98	2.88	10.62	2.07	16.33
Storen, D 		4	4	55.1	3.58	24	22	3	1.27	.500	0.87	.323	.332	.655	8.46	3.58	7.81	2.36	16.28
Street, H 		4	4	47.1	3.61	21	19	5	1.06	.500	0.73	.278	.370	.648	8.56	2.09	7.42	4.09	15.08
Venters, J 		4	4	83.0	1.95	30	18	1	1.20	.500	3.08	.311	.241	.552	10.08	4.23	6.61	2.38	16.12
Volquez, E 		4	3	62.2	4.31	30	30	6	1.50	.571	1.68	.357	.382	.739	9.62	5.03	8.47	1.91	17.55
Wakefield, T 		4	10	140.0	5.34	92	83	19	1.35	.286	0.79	.320	.454	.773	5.40	2.31	9.84	2.33	15.41
Aceves, A 		3	0	12.0	3.00	5	4	1	1.17	1.000	1.12	.283	.292	.575	1.50	3.00	7.50	0.50	15.75
Acosta, M 		3	2	39.2	2.95	13	13	4	1.21	.600	0.97	.308	.328	.636	9.53	4.08	6.81	2.33	16.08
Baez, D 		3	4	47.2	5.48	31	29	6	1.64	.429	2.08	.382	.481	.863	5.29	4.34	10.38	1.22	17.22
Belisario, R 		3	1	55.1	5.04	31	31	6	1.28	.750	3.27	.322	.380	.702	6.18	3.09	8.46	2.00	15.47
Berken, J 		3	3	62.1	3.03	24	21	5	1.33	.500	1.15	.323	.405	.728	6.50	2.74	9.24	2.37	15.50
Boyer, B 		3	2	57.0	4.26	32	27	3	1.54	.600	2.92	.359	.375	.734	4.58	4.58	9.32	1.00	15.98
Carrasco, D 		3	2	78.1	3.68	39	32	5	1.30	.600	1.34	.327	.351	.678	7.47	3.91	7.81	1.91	15.78
Chamberlain, J 		3	4	71.2	4.40	37	35	6	1.30	.429	1.06	.308	.384	.693	9.67	2.76	8.92	3.50	16.33
Corpas, M 		3	5	62.1	4.62	33	32	7	1.41	.375	1.01	.331	.441	.772	6.79	3.18	9.53	2.14	16.14
Delcarmen, M 		3	4	52.1	4.99	30	29	8	1.47	.429	1.14	.335	.382	.717	6.54	5.50	7.74	1.19	17.96
Donnelly, B 		3	1	30.2	5.58	21	19	6	1.66	.750	1.03	.371	.432	.804	7.63	7.34	7.63	1.04	18.95
Dotel, O 		3	4	64.0	4.08	32	29	9	1.31	.429	0.50	.314	.429	.743	10.55	4.50	7.31	2.34	17.95
Eveland, D 		3	5	54.1	6.79	44	41	4	1.91	.375	1.43	.412	.459	.872	3.98	5.30	11.93	0.75	17.39
Farnsworth, K 		3	2	64.2	3.34	25	24	4	1.14	.600	1.03	.295	.339	.634	8.49	2.64	7.65	3.21	16.30
Feliciano, P 		3	6	62.2	3.30	24	23	1	1.53	.333	2.20	.367	.335	.702	8.04	4.31	9.48	1.87	17.70
Frasor, J 		3	4	63.2	3.68	30	26	4	1.38	.429	1.21	.331	.360	.691	9.19	3.82	8.62	2.41	17.12
Harrison, M 		3	2	78.1	4.71	45	41	10	1.52	.600	1.32	.342	.413	.755	5.29	4.48	9.19	1.18	17.90
Hensley, C 		3	4	75.0	2.16	20	18	3	1.11	.429	1.63	.286	.281	.568	9.24	3.48	6.48	2.66	15.76
Holland, D 		3	4	57.1	4.08	30	26	6	1.38	.429	0.92	.328	.399	.727	8.48	3.77	8.63	2.25	18.44
Karstens, J 		3	10	122.2	4.92	72	67	21	1.41	.231	0.87	.333	.504	.837	5.28	1.98	10.71	2.67	14.59
Kelley, S 		3	1	25.0	3.96	11	11	5	1.52	.750	0.42	.351	.490	.841	9.36	4.32	9.36	2.17	17.60
Kuo, H 		3	2	60.0	1.20	8	8	1	0.78	.600	0.60	.211	.192	.403	10.95	2.70	4.35	4.06	15.67
Linebrink, S 		3	2	57.1	4.40	31	28	11	1.33	.600	0.71	.322	.458	.780	8.16	2.67	9.26	3.06	17.74
Loe, K 		3	5	58.1	2.78	23	18	6	1.18	.375	1.85	.297	.364	.661	7.10	2.31	8.33	3.07	15.22
Marte, V 		3	0	27.2	9.76	30	30	8	1.92	1.000	1.48	.404	.597	1.001	6.18	4.88	12.36	1.27	18.14
Minor, M 		3	2	40.2	5.98	28	27	6	1.57	.600	0.73	.353	.527	.880	9.52	2.43	11.73	3.91	18.91
Monasterios, C 		3	5	88.1	4.38	48	43	15	1.45	.375	1.04	.345	.450	.796	5.30	2.95	10.09	1.79	16.86
O'Flaherty, E 		3	2	44.0	2.45	14	12	2	1.25	.600	2.20	.311	.335	.647	7.36	3.68	7.57	2.00	15.34
Owings, M 		3	2	33.1	5.40	20	20	3	1.59	.600	0.54	.371	.377	.748	9.45	6.75	7.56	1.40	19.14
Parra, M 		3	10	122.0	5.02	76	68	18	1.62	.231	1.47	.363	.453	.816	9.52	4.65	9.96	2.05	17.70
Penny, B 		3	4	55.2	3.23	25	20	4	1.29	.429	1.79	.326	.414	.740	5.66	1.46	10.19	3.89	14.59
Perry, R 		3	5	62.2	3.59	26	25	6	1.24	.375	1.01	.323	.363	.686	6.46	3.30	7.90	1.96	15.48
Qualls, C 		3	4	59.0	7.32	56	48	7	1.80	.429	2.07	.390	.504	.894	7.47	3.20	12.97	2.33	17.71
Rauch, J 		3	1	57.2	3.12	20	20	3	1.30	.750	0.67	.311	.360	.671	7.18	2.18	9.52	3.29	15.99
Reyes, D 		3	1	38.0	3.55	15	15	2	1.45	.750	1.84	.354	.336	.690	5.92	4.97	8.05	1.19	16.11
Rivera, M 		3	3	60.0	1.80	14	12	2	0.83	.500	1.58	.239	.254	.493	6.75	1.65	5.85	4.09	15.47
Runzler, D 		3	0	32.2	3.03	12	11	1	1.50	1.000	1.68	.357	.328	.685	10.19	5.51	7.99	1.85	18.21
Smith, J 		3	2	42.0	3.86	18	18	7	1.33	.600	1.40	.326	.442	.768	5.57	2.36	9.64	2.36	14.60
Sonnanstine, A 		3	1	81.0	4.44	40	40	11	1.36	.750	1.11	.330	.431	.761	5.56	3.00	9.22	1.85	16.11
Soriano, R 		3	2	62.1	1.73	14	12	4	0.80	.600	0.63	.215	.294	.509	8.23	2.02	5.20	4.07	14.70
Suppan, J 		3	8	101.1	5.06	61	57	13	1.65	.273	1.10	.381	.496	.878	4.53	3.29	11.55	1.38	15.90
Tejeda, R 		3	5	61.0	3.54	28	24	5	1.33	.375	0.51	.316	.374	.691	8.26	3.84	8.11	2.15	16.67
Valdes, R 		3	3	58.2	4.91	33	32	7	1.47	.500	0.69	.346	.445	.791	8.59	4.14	9.05	2.07	18.17
Veras, J 		3	3	48.0	3.75	20	20	5	1.27	.500	0.98	.310	.312	.622	10.13	5.44	6.00	1.86	17.13
Webb, R 		3	1	59.0	2.90	21	19	1	1.41	.750	2.66	.333	.346	.680	6.71	2.90	9.76	2.32	16.44
Wellemeyer, T 		3	5	58.2	5.68	37	37	12	1.57	.375	0.76	.364	.473	.837	6.29	5.37	8.74	1.17	16.86
Wilson, B 		3	3	74.2	1.81	16	15	3	1.18	.500	1.17	.288	.309	.597	11.21	3.13	7.47	3.58	17.48
Wood, K 		3	4	46.0	3.13	17	16	4	1.39	.429	0.89	.337	.317	.654	9.59	5.67	6.85	1.69	18.13
Ziegler, B 		3	7	60.2	3.26	24	22	4	1.35	.300	1.90	.332	.362	.694	6.08	4.15	8.01	1.46	15.02
Atchison, S 		2	3	60.0	4.50	37	30	9	1.28	.400	1.15	.310	.426	.736	6.15	2.85	8.70	2.16	16.43
Badenhop, B 		2	5	67.2	3.99	33	30	5	1.23	.286	1.77	.308	.373	.681	6.25	2.79	8.25	2.24	15.28
Balfour, G 		2	1	55.1	2.28	16	14	3	1.08	.667	0.45	.273	.347	.619	9.11	2.77	6.99	3.29	17.30
Bastardo, A 		2	0	18.2	4.34	9	9	1	1.50	1.000	0.43	.349	.320	.669	12.54	4.34	9.16	2.89	18.32
Bautista, D 		2	0	33.2	3.74	14	14	4	1.54	1.000	0.66	.357	.328	.685	11.76	7.22	6.68	1.63	19.51
Bell, T 		2	5	61.0	4.72	35	32	2	1.61	.286	1.20	.367	.425	.792	6.64	3.10	11.36	2.14	16.89
Blevins, J 		2	1	48.2	3.70	20	20	7	1.48	.667	0.77	.336	.421	.758	8.51	3.33	9.99	2.56	16.46
Boggs, M 		2	3	67.1	3.61	29	27	5	1.29	.400	1.58	.324	.372	.696	6.95	3.61	8.02	1.93	16.14
Burnett, A 		2	2	47.2	5.29	28	28	6	1.57	.500	1.31	.372	.475	.847	6.99	4.34	9.82	1.61	17.64
Byrdak, T 		2	2	38.2	3.49	15	15	4	1.55	.500	0.52	.353	.442	.795	6.75	4.66	9.31	1.45	17.22
Carrasco, C 		2	2	44.2	3.83	20	19	6	1.37	.500	2.29	.333	.482	.816	7.66	2.82	9.47	2.71	15.25
Cashner, A 		2	6	54.1	4.80	31	29	8	1.56	.250	1.65	.368	.427	.795	8.28	4.97	9.11	1.67	17.45
Chacin, G 		2	2	38.1	4.70	22	20	3	1.85	.500	0.68	.388	.426	.814	7.28	4.70	11.97	1.55	18.03
Chapman, A 		2	2	13.1	2.03	4	3	0	1.05	.500	4.00	.275	.217	.492	12.83	3.38	6.08	3.80	16.58
Coffey, T 		2	4	62.1	4.76	40	33	8	1.41	.333	1.48	.335	.448	.783	8.09	3.32	9.39	2.43	16.51
Cramer, B 		2	1	23.2	3.04	8	8	5	1.10	.667	1.80	.283	.453	.736	4.94	2.28	7.61	2.17	15.51
Demel, S 		2	1	37.0	5.35	27	22	5	1.46	.667	2.00	.333	.483	.817	8.03	2.92	10.22	2.75	17.16
Doubront, F 		2	2	25.0	4.32	16	12	3	1.48	.500	0.89	.339	.450	.789	8.28	3.60	9.72	2.30	16.92
Duchscherer, J 		2	1	28.0	2.89	11	9	3	1.36	.667	1.28	.336	.363	.699	5.79	3.86	8.36	1.50	15.68
Dunn, M 		2	0	19.0	1.89	4	4	1	1.68	1.000	0.94	.364	.296	.659	12.79	8.05	7.11	1.59	19.84
Flores, R 		2	0	31.0	3.19	12	11	6	1.52	1.000	0.71	.356	.492	.847	5.81	4.35	9.29	1.33	16.32
Fulchino, J 		2	1	47.1	5.51	30	29	7	1.58	.667	0.88	.361	.432	.793	8.75	4.18	10.08	2.09	18.17
Gallagher, S 		2	1	57.2	5.77	40	37	7	1.79	.667	1.02	.396	.433	.829	6.71	6.40	9.68	1.05	18.92
Gee, D 		2	2	33.0	2.18	10	8	2	1.21	.500	1.05	.301	.331	.631	4.64	4.09	6.82	1.13	14.88
Gregg, K 		2	6	59.0	3.51	24	23	4	1.39	.250	0.97	.328	.384	.712	8.85	4.58	7.93	1.93	18.41
Hoffman, T 		2	7	47.1	5.89	31	31	8	1.44	.222	0.73	.335	.497	.832	5.70	3.61	9.32	1.58	15.91
Huff, D 		2	11	79.2	6.21	61	55	14	1.69	.154	0.73	.377	.540	.917	4.18	3.84	11.41	1.09	17.46
Humber, P 		2	1	21.2	4.15	10	10	1	1.34	.667	0.81	.319	.318	.637	6.65	2.91	9.14	2.29	16.89
Jepsen, K 		2	4	59.0	3.97	26	26	2	1.41	.333	1.95	.341	.324	.665	9.31	4.42	8.24	2.10	17.00
Kohn, M 		2	0	21.1	2.11	5	5	0	1.55	1.000	0.68	.363	.253	.616	8.44	6.75	7.17	1.25	18.98
Laffey, A 		2	3	55.2	4.53	30	28	1	1.62	.400	1.31	.365	.379	.744	4.53	4.53	10.02	1.00	18.32
LeCure, S 		2	5	48.0	4.50	24	24	6	1.56	.286	1.10	.370	.429	.800	6.94	4.69	9.38	1.48	17.94
Lindstrom, M 		2	5	53.1	4.39	26	26	5	1.65	.286	1.46	.364	.428	.792	7.26	3.38	11.48	2.15	17.03
Logan, B 		2	0	40.0	2.93	13	13	3	1.35	1.000	0.98	.325	.333	.659	8.55	4.50	7.65	1.90	16.20
Maloney, M 		2	2	20.2	3.05	7	7	2	1.21	.500	0.78	.310	.372	.681	5.66	2.18	8.71	2.60	14.85
Manship, J 		2	1	29.0	5.28	20	17	3	1.38	.667	0.91	.325	.448	.773	6.52	1.86	10.55	3.50	16.66
Marmol, C 		2	3	77.2	2.55	23	22	1	1.18	.400	0.53	.301	.199	.500	15.99	6.03	4.64	2.65	18.30
Marquis, J 		2	9	58.2	6.60	47	43	9	1.70	.182	1.70	.396	.481	.877	4.76	3.68	11.66	1.29	17.47
McClendon, M 		2	0	21.0	3.00	7	7	2	1.05	1.000	1.00	.262	.325	.587	9.00	3.00	6.43	3.00	15.05
McCutchen, D 		2	5	67.2	6.12	48	46	13	1.64	.286	0.82	.362	.525	.887	5.05	3.72	11.04	1.36	16.60
Melancon, M 		2	0	21.1	4.22	13	10	2	1.27	1.000	1.21	.311	.363	.674	9.28	3.38	8.02	2.75	16.36
Morton, C 		2	12	79.2	7.57	79	67	15	1.73	.143	1.35	.386	.522	.908	6.67	2.94	12.65	2.27	17.97
Mujica, E 		2	1	69.2	3.62	29	28	14	0.93	.667	1.09	.243	.441	.684	9.30	0.78	7.62	12.00	14.76
Nieve, F 		2	4	42.0	6.00	28	28	10	1.40	.333	0.89	.333	.487	.821	8.14	4.71	7.93	1.73	18.00
Perez, C 		2	2	63.0	1.71	15	12	4	1.08	.500	0.83	.287	.295	.583	8.71	4.00	5.71	2.18	16.84
Rogers, E 		2	3	72.0	6.13	59	49	5	1.67	.400	1.73	.379	.456	.835	8.25	3.25	11.75	2.54	17.68
Rosales, L 		2	0	16.1	7.16	13	13	2	2.08	1.000	0.57	.425	.551	.976	6.61	4.96	13.78	1.33	18.67
Saito, T 		2	3	54.0	2.83	20	17	4	1.07	.400	0.94	.265	.312	.577	11.50	2.83	6.83	4.06	17.33
Sale, C 		2	1	23.1	1.93	5	5	2	1.07	.667	1.38	.275	.272	.546	12.34	3.86	5.79	3.20	16.80
Samardzija, J 		2	2	19.1	8.38	22	18	4	2.12	.500	0.67	.430	.500	.930	4.19	9.31	9.78	0.45	19.34
Sanches, B 		2	2	63.2	2.26	20	16	7	1.10	.500	0.61	.281	.329	.609	7.63	3.82	6.08	2.00	15.99
Santos, S 		2	2	51.2	2.96	18	17	2	1.53	.500	0.83	.352	.340	.692	9.75	4.53	9.23	2.15	17.17
Schlereth, D 		2	0	18.2	2.89	7	6	2	1.61	1.000	1.00	.360	.392	.752	9.16	4.82	9.64	1.90	17.36
Sherrill, G 		2	2	36.1	6.69	28	27	4	1.93	.500	1.15	.406	.500	.906	6.19	5.94	11.39	1.04	20.01
Sipp, T 		2	2	63.0	4.14	30	29	12	1.38	.500	0.64	.338	.432	.770	9.86	5.57	6.86	1.77	17.90
Smith, J 		2	2	40.0	3.83	18	17	4	1.35	.500	2.14	.325	.333	.659	7.20	5.40	6.75	1.33	16.10
Sosa, J 		2	3	36.2	4.66	22	19	4	1.55	.400	0.72	.348	.417	.764	4.66	4.42	9.57	1.06	16.69
Tallet, B 		2	6	77.1	6.40	60	55	20	1.58	.250	0.74	.355	.526	.881	6.17	4.42	9.78	1.39	17.09
Thompson, R 		2	0	19.2	1.37	4	3	2	0.81	1.000	0.77	.216	.300	.516	6.86	1.83	5.49	3.75	14.64
Tillman, C 		2	5	53.2	5.87	37	35	9	1.53	.286	1.17	.353	.475	.828	5.20	5.20	8.55	1.00	17.78
Troncoso, R 		2	3	54.0	4.33	28	26	7	1.35	.400	1.63	.326	.400	.726	5.67	3.00	9.17	1.89	15.87
Valverde, J 		2	4	63.0	3.00	24	21	5	1.16	.333	1.78	.293	.291	.585	9.00	4.57	5.86	1.97	16.33
Villanueva, C 		2	0	52.2	4.61	27	27	7	1.33	1.000	0.92	.320	.381	.702	11.45	3.76	8.20	3.05	17.54
Walters, P 		2	0	30.0	6.00	20	20	5	1.40	1.000	0.97	.328	.440	.768	6.60	3.00	9.60	2.20	16.03
Weinhardt, R 		2	2	29.1	6.14	23	20	2	1.64	.500	1.88	.381	.451	.831	6.44	2.45	12.27	2.63	17.63
Wheeler, D 		2	4	48.1	3.35	20	18	7	1.08	.333	0.75	.273	.408	.681	8.57	2.98	6.70	2.88	14.90
Willis, D 		2	3	65.2	5.62	41	41	6	1.95	.400	1.42	.425	.411	.836	6.44	7.68	9.87	0.84	19.19
Wuertz, M 		2	3	39.2	4.31	21	19	6	1.41	.400	1.08	.335	.411	.746	9.08	4.76	7.94	1.90	16.89
Young, C 		2	0	20.0	0.90	2	2	1	1.05	1.000	0.48	.259	.200	.459	6.75	4.95	4.50	1.36	15.45
Zumaya, J 		2	1	38.1	2.58	13	11	1	1.12	.667	0.84	.279	.307	.586	7.98	2.58	7.51	3.09	15.57
Bailey, A 		1	3	49.0	1.47	8	8	3	0.96	.250	0.86	.251	.292	.544	7.71	2.39	6.24	3.23	15.35
Bard, D 		1	2	74.2	1.93	18	16	6	1.00	.333	1.19	.263	.277	.540	9.16	3.62	5.42	2.53	15.19
Batista, M 		1	2	82.2	3.70	36	34	9	1.33	.333	1.62	.330	.363	.693	5.99	4.25	7.73	1.41	16.21
Beimel, J 		1	2	45.0	3.40	18	17	5	1.36	.333	1.18	.326	.421	.747	4.20	3.00	9.20	1.40	15.24
Benoit, J 		1	2	60.1	1.34	10	9	6	0.68	.333	0.81	.189	.265	.454	11.19	1.64	4.48	6.82	15.22
Benson, K 		1	1	14.0	5.14	9	8	2	1.71	.500	0.59	.379	.475	.853	5.14	3.86	11.57	1.33	17.57
Bonser, B 		1	0	25.0	6.12	17	17	2	1.64	1.000	1.28	.376	.416	.792	6.12	2.88	11.88	2.13	16.12
Braddock, Z 		1	2	33.2	2.94	11	11	1	1.43	.333	0.53	.333	.323	.656	10.96	5.08	7.75	2.16	17.82
Bruney, B 		1	2	17.2	7.64	18	15	1	2.32	.333	1.18	.456	.412	.867	8.15	10.19	10.70	0.80	21.51
Buchholz, T 		1	0	12.0	3.75	5	5	2	1.33	1.000	0.85	.333	.476	.810	6.75	4.50	7.50	1.50	14.67
Bullington, B 		1	4	42.2	6.12	29	29	6	1.59	.200	1.11	.369	.477	.846	6.12	3.59	10.76	1.71	16.90
Burnett, S 		1	7	63.0	2.14	17	15	3	1.14	.125	1.81	.284	.297	.581	8.86	2.86	7.43	3.10	16.94
Cassevah, B 		1	2	20.0	3.15	11	7	0	1.55	.333	2.50	.344	.386	.730	3.60	3.60	10.35	1.00	16.50
Castillo, A 		1	0	10.2	10.13	12	12	5	2.06	1.000	1.00	.431	.756	1.187	9.28	5.06	13.50	1.83	18.66
Crain, J 		1	1	68.0	3.04	27	23	5	1.18	.500	0.86	.295	.332	.627	8.21	3.57	7.01	2.30	16.16
Daigle, C 		1	1	10.1	11.32	13	13	3	3.00	.500	0.86	.492	.754	1.246	5.23	5.23	21.77	1.00	22.35
Davis, D 		1	4	38.1	7.51	36	32	6	1.98	.200	1.41	.418	.497	.915	7.98	4.93	12.91	1.62	20.53
Del Rosario, E 		1	1	10.0	4.50	7	5	0	2.10	.500	2.38	.458	.524	.982	3.60	3.60	15.30	1.00	15.20
Detwiler, R 		1	3	29.2	4.25	22	14	5	1.62	.250	1.21	.368	.458	.826	5.16	4.25	10.31	1.21	16.75
Diamond, T 		1	3	29.0	6.83	23	22	5	1.76	.250	0.67	.393	.482	.875	11.17	5.59	10.24	2.00	20.76
Fisher, C 		1	1	22.1	5.64	14	14	1	1.57	.500	0.84	.360	.360	.720	8.46	5.24	8.87	1.62	17.60
Frieri, E 		1	1	31.2	1.71	7	6	2	1.11	.500	0.42	.273	.279	.553	11.65	4.83	5.12	2.41	18.38
Gaudin, C 		1	4	65.1	5.65	45	41	16	1.50	.200	0.88	.364	.527	.892	7.30	3.44	10.06	2.12	16.94
Gonzalez, M 		1	3	24.2	4.01	11	11	1	1.30	.250	0.80	.311	.318	.629	11.31	5.11	6.57	2.21	16.30
Grabow, J 		1	3	25.2	7.36	24	21	5	1.87	.250	1.40	.398	.532	.930	7.01	4.56	12.27	1.54	18.39
Gray, J 		1	0	9.1	6.75	9	7	1	1.82	1.000	4.20	.409	.526	.935	3.86	4.82	11.57	0.80	16.82
Harrell, L 		1	0	24.0	4.88	18	13	2	2.13	1.000	1.89	.432	.465	.898	5.63	6.38	12.75	0.88	19.96
Hendrickson, M 		1	6	75.1	5.26	47	44	9	1.55	.143	1.01	.357	.455	.812	6.57	2.39	11.59	2.75	16.06
Herndon, D 		1	3	52.1	4.30	27	25	2	1.61	.250	2.18	.374	.440	.814	4.99	2.92	11.52	1.71	16.20
Herrera, D 		1	3	23.0	3.91	10	10	2	1.61	.250	1.04	.356	.438	.793	5.48	2.35	12.13	2.33	17.74
Hill, R 		1	0	4.0	0.00	0	0	0	1.50	1.000	1.25	.333	.294	.627	6.75	2.25	11.25	3.00	18.00
Hill, S 		1	2	20.2	2.61	8	6	1	1.35	.333	1.38	.319	.365	.683	6.10	1.74	10.45	3.50	17.47
Howry, B 		1	3	35.0	7.71	36	30	8	1.71	.250	0.77	.364	.589	.953	3.60	3.34	12.09	1.08	18.54
Hughes, D 		1	3	56.1	3.83	28	24	3	1.47	.250	0.61	.351	.380	.730	5.43	3.83	9.43	1.42	18.09
Igarashi, R 		1	1	30.1	7.12	24	24	4	1.55	.500	0.86	.348	.447	.796	7.42	5.34	8.60	1.39	18.63
Jansen, K 		1	0	27.0	0.67	2	2	0	1.00	1.000	0.64	.259	.163	.422	13.67	5.00	4.00	2.73	17.96
Jeffress, J 		1	0	10.0	2.70	4	3	0	1.40	1.000	1.56	.333	.343	.676	7.20	5.40	7.20	1.33	18.30
Jenks, B 		1	3	52.2	4.44	28	26	3	1.37	.250	2.70	.322	.346	.668	10.42	3.08	9.23	3.39	17.39
Johnson, J 		1	1	26.1	3.42	11	10	2	1.41	.500	1.76	.333	.389	.722	7.52	1.71	10.94	4.40	16.03
Kawakami, K 		1	10	87.1	5.15	57	50	10	1.49	.091	1.04	.340	.490	.830	6.08	3.30	10.10	1.84	16.69
Kroenke, Z 		1	0	6.2	6.75	5	5	2	1.95	1.000	1.25	.419	.593	1.012	2.70	5.40	12.15	0.50	16.95
Lerew, A 		1	4	26.1	8.54	25	25	9	1.63	.200	0.79	.375	.623	.998	6.15	3.08	11.62	2.00	17.43
Lidge, B 		1	1	45.2	2.96	16	15	5	1.23	.500	0.72	.300	.327	.627	10.25	4.73	6.31	2.17	17.78
Lincoln, B 		1	4	52.2	6.66	42	39	9	1.54	.200	0.75	.363	.531	.893	4.27	2.56	11.28	1.67	16.27
Lincoln, M 		1	0	19.2	7.32	16	16	1	1.78	1.000	1.35	.394	.420	.813	5.49	4.58	11.44	1.20	19.12
Litsch, J 		1	5	46.2	5.79	30	30	7	1.46	.167	1.18	.347	.476	.822	3.09	2.89	10.22	1.07	16.54
Lowe, M 		1	3	13.1	5.40	9	8	2	1.80	.250	0.75	.393	.500	.893	8.10	4.05	12.15	2.00	17.63
Luebke, C 		1	1	17.2	4.08	8	8	3	1.30	.500	1.13	.316	.435	.751	9.17	3.06	8.66	3.00	17.26
MacDougal, M 		1	1	18.2	7.23	15	15	1	1.88	.500	1.69	.396	.449	.844	6.75	5.79	11.09	1.17	19.02
Mahay, R 		1	1	34.0	3.44	15	13	5	1.21	.500	1.26	.293	.382	.675	6.62	2.12	8.74	3.13	16.62
Maine, J 		1	3	39.2	6.13	29	27	8	1.82	.250	0.37	.398	.506	.904	8.85	5.67	10.66	1.56	19.64
Manuel, R 		1	0	12.2	4.26	6	6	5	1.34	1.000	0.28	.315	.596	.911	3.55	4.97	7.11	0.71	19.11
Marinez, J 		1	1	2.2	6.75	3	2	1	2.25	.500	0.67	.429	.545	.974	10.13	10.13	10.13	1.00	20.62
Martin, J 		1	5	48.0	4.13	30	22	9	1.40	.167	0.89	.322	.497	.820	5.81	2.06	10.50	2.82	16.83
Mathis, D 		1	1	22.1	6.04	15	15	7	1.84	.500	1.75	.410	.607	1.017	4.03	4.43	12.09	0.91	17.19
McClellan, K 		1	4	75.1	2.27	20	19	9	1.08	.200	1.19	.277	.344	.621	7.17	2.75	6.93	2.61	15.45
Mendez, A 		1	3	24.2	5.11	14	14	7	1.62	.250	0.61	.385	.579	.964	4.01	4.38	10.22	0.92	16.34
Mijares, J 		1	1	32.2	3.31	14	12	4	1.32	.500	0.56	.319	.449	.768	7.71	2.48	9.37	3.11	18.18
Miller, A 		1	5	32.2	8.54	34	31	6	2.36	.167	1.33	.470	.584	1.054	7.71	7.16	14.05	1.08	19.93
Mills, B 		1	0	22.1	5.64	14	14	2	1.48	1.000	1.04	.347	.398	.745	7.25	5.24	8.06	1.38	18.40
Moehler, B 		1	4	56.2	4.92	32	31	5	1.62	.200	1.14	.373	.425	.799	4.45	4.13	10.48	1.08	16.87
Mota, G 		1	3	54.0	4.33	29	26	4	1.31	.250	0.85	.311	.416	.727	6.33	3.67	8.17	1.73	16.78
Nova, I 		1	2	42.0	4.50	22	21	4	1.45	.333	1.33	.339	.390	.729	5.57	3.64	9.43	1.53	15.86
Ohlendorf, R 		1	11	108.1	4.07	54	49	12	1.38	.083	0.62	.335	.439	.773	6.56	3.66	8.81	1.80	16.35
Oliver, D 		1	2	61.2	2.48	20	17	4	1.10	.333	1.39	.293	.361	.654	9.49	2.19	7.74	4.33	15.94
Ortiz, R 		1	2	30.0	6.30	22	21	5	1.63	.333	1.30	.371	.496	.867	6.30	4.80	9.90	1.31	17.97
Palmer, M 		1	2	33.2	4.54	20	17	1	1.72	.333	1.36	.378	.415	.793	4.54	5.35	10.16	0.85	18.48
Parrish, J 		1	1	6.0	3.00	2	2	2	1.50	.500	1.33	.346	.476	.822	6.00	7.50	6.00	0.80	19.17
Paulino, F 		1	9	91.2	5.11	63	52	4	1.54	.100	0.97	.356	.392	.748	8.15	4.52	9.33	1.80	17.83
Peralta, J 		1	0	49.0	2.02	12	11	5	0.80	1.000	0.44	.214	.307	.521	9.00	1.65	5.51	5.44	15.02
Perkins, G 		1	1	21.2	5.82	16	14	3	1.57	.500	2.33	.392	.547	.938	5.82	2.08	12.05	2.80	15.88
Purcey, D 		1	1	34.0	3.71	16	14	3	1.21	.500	0.49	.291	.339	.629	8.47	3.97	6.88	2.13	18.15
Ramirez, E 		1	0	11.0	4.91	7	6	1	1.73	1.000	1.08	.365	.293	.658	8.18	8.18	7.36	1.00	19.55
Ramirez, R 		1	3	69.1	2.99	24	23	7	1.14	.250	0.72	.280	.351	.631	5.97	3.50	6.75	1.70	16.10
Reynolds, M 		1	0	18.0	2.00	4	4	2	0.83	1.000	0.95	.246	.295	.541	8.50	2.50	5.00	3.40	15.33
Rodriguez, F 		1	3	47.1	4.37	23	23	5	1.52	.250	1.65	.351	.381	.732	6.85	4.94	8.75	1.38	16.61
Rodriguez, H 		1	0	27.2	4.55	16	14	2	1.37	1.000	0.81	.328	.337	.664	10.73	4.23	8.13	2.54	19.12
Roenicke, J 		1	0	19.0	5.68	15	12	1	1.63	1.000	1.39	.363	.355	.718	8.53	6.16	8.53	1.38	18.68
Romero, J 		1	0	36.2	3.68	17	15	3	1.61	1.000	2.23	.379	.311	.690	6.87	7.12	7.36	0.97	19.12
Ross, T 		1	4	39.1	5.49	24	24	4	1.50	.200	2.23	.351	.403	.754	7.32	4.58	8.92	1.60	17.92
Rowland-Smith, R 		1	10	109.1	6.75	94	82	25	1.69	.091	0.89	.379	.575	.954	4.03	3.62	11.61	1.11	16.62
Rupe, J 		1	1	9.2	5.59	6	6	1	2.17	.500	2.67	.438	.488	.925	7.45	6.52	13.03	1.14	19.97
Russell, J 		1	1	49.0	4.96	37	27	11	1.35	.500	0.64	.324	.497	.822	7.71	2.02	10.10	3.82	17.06
Sampson, C 		1	0	30.1	5.93	22	20	7	1.68	1.000	2.00	.380	.570	.950	4.75	2.37	12.76	2.00	15.86
Schlichting, T 		1	0	22.2	3.57	9	9	0	1.32	1.000	1.39	.309	.279	.588	5.56	3.97	7.94	1.40	15.75
Schoeneweis, S 		1	0	13.2	7.90	12	12	2	2.12	1.000	1.15	.426	.509	.935	8.56	6.59	12.51	1.30	17.78
Seddon, C 		1	0	22.1	5.64	14	14	4	1.39	1.000	1.43	.326	.500	.826	6.45	4.03	8.46	1.60	16.39
Smith, G 		1	2	39.0	6.23	28	27	8	1.87	.333	1.16	.411	.592	1.003	7.15	5.54	11.31	1.29	18.10
Soria, J 		1	2	65.2	1.78	13	13	4	1.05	.333	1.11	.266	.302	.568	9.73	2.19	7.26	4.44	16.74
Sweeney, B 		1	2	37.0	3.16	16	13	5	1.05	.333	0.66	.267	.377	.644	3.41	1.46	8.03	2.33	13.70
Taschner, J 		1	0	19.2	6.41	14	14	3	1.73	1.000	1.15	.362	.482	.844	7.78	5.03	10.53	1.55	18.31
Texeira, K 		1	1	61.1	4.84	36	33	3	1.60	.500	1.56	.369	.408	.777	4.84	3.67	10.71	1.32	15.70
Thatcher, J 		1	0	35.0	1.29	5	5	1	0.86	1.000	1.03	.231	.234	.465	11.57	1.80	5.91	6.43	16.09
Uehara, K 		1	2	44.0	2.86	15	14	5	0.95	.333	0.30	.243	.351	.594	11.25	1.02	7.57	11.00	15.66
Valdez, C 		1	2	20.0	7.65	19	17	2	1.95	.333	2.29	.412	.477	.889	5.85	4.50	13.05	1.30	18.30
Vargas, C 		1	0	19.2	7.32	16	16	3	1.93	1.000	0.86	.409	.494	.903	8.24	4.58	12.81	1.80	17.80
Vasquez, E 		1	6	53.2	5.20	32	31	6	1.57	.143	0.61	.375	.379	.754	9.22	6.37	7.71	1.45	18.73
Walker, T 		1	0	35.1	3.57	16	14	5	1.22	1.000	0.88	.303	.439	.742	7.64	2.04	8.92	3.75	14.92
Wood, B 		1	3	49.2	5.07	29	28	6	1.53	.250	1.68	.353	.444	.798	5.62	3.99	9.79	1.41	16.25
Worley, V 		1	1	13.0	1.38	2	2	1	0.92	.500	1.45	.245	.267	.512	8.31	2.77	5.54	3.00	15.69
Wright, J 		1	3	58.1	4.17	33	27	3	1.37	.250	2.75	.337	.367	.705	4.32	3.86	8.49	1.12	15.50
Wright, W 		1	2	33.0	5.73	27	21	6	1.52	.333	1.26	.363	.527	.890	7.91	3.55	10.09	2.23	17.06
Zimmermann, J 		1	2	31.0	4.94	20	17	8	1.32	.333	1.36	.321	.496	.817	7.84	2.90	9.00	2.70	17.94
Aardsma, D 		0	6	49.2	3.44	19	19	5	1.17	.000	0.92	.308	.323	.631	8.88	4.53	5.98	1.96	17.46
Abad, F 		0	1	19.0	2.84	6	6	3	1.00	.000	0.45	.250	.386	.636	5.68	2.37	6.63	2.40	15.89
Accardo, J 		0	1	6.2	8.10	6	6	0	2.25	.000	1.83	.471	.533	1.004	4.05	4.05	16.20	1.00	20.25
Albaladejo, J 		0	0	11.1	3.97	5	5	1	1.50	-	1.08	.380	.333	.713	6.35	6.35	7.15	1.00	16.24
Ambriz, H 		0	2	48.1	5.59	31	30	10	1.76	.000	1.28	.387	.572	.960	6.89	3.17	12.66	2.18	17.30
Atkins, M 		0	0	10.0	6.30	8	7	2	1.80	-	0.54	.388	.476	.864	9.00	5.40	10.80	1.67	20.40
Balester, C 		0	1	21.0	2.57	6	6	2	1.24	.000	1.69	.322	.311	.633	12.00	4.71	6.43	2.55	16.14
Banks, J 		0	1	4.0	13.50	6	6	1	3.00	.000	1.75	.500	.700	1.200	2.25	9.00	18.00	0.25	21.00
Bass, B 		0	0	7.1	12.27	11	10	0	2.59	-	1.83	.488	.414	.902	6.14	12.27	11.05	0.50	22.50
Beachy, B 		0	2	15.0	3.00	9	5	0	1.53	.000	0.61	.343	.333	.677	9.00	4.20	9.60	2.14	18.60
Beltre, O 		0	1	7.0	9.00	7	7	3	2.29	.000	0.38	.486	.643	1.129	11.57	9.00	11.57	1.29	22.43
Berg, J 		0	1	40.0	5.18	27	23	3	1.63	.000	1.53	.366	.373	.738	3.15	4.50	10.13	0.70	16.35
Bergmann, J 		0	1	2.1	15.43	4	4	2	1.71	.000	0.67	.364	1.000	1.364	7.71	3.86	11.57	2.00	22.29
Bisenius, J 		0	0	4.2	9.64	6	5	1	2.57	-	0.67	.462	.550	1.012	9.64	11.57	11.57	0.83	23.57
Bowden, M 		0	1	15.1	4.70	8	8	2	1.57	.000	0.50	.364	.548	.912	7.63	2.35	11.74	3.25	17.35
Bowers, C 		0	1	14.0	4.50	9	7	4	1.29	.000	0.25	.306	.473	.779	11.57	3.86	7.71	3.00	18.93
Bray, B 		0	2	28.1	4.13	13	13	4	1.09	.000	0.51	.267	.358	.626	9.53	3.18	6.67	3.00	17.08
Buckner, B 		0	3	13.0	11.08	17	16	4	2.38	.000	1.15	.458	.656	1.115	7.62	3.46	18.00	2.20	19.08
Buente, J 		0	0	11.0	6.55	8	8	0	2.45	-	1.30	.466	.383	.848	7.36	9.00	13.09	0.82	21.73
Bulger, J 		0	0	24.0	4.88	14	13	3	1.67	-	0.63	.382	.441	.823	9.38	5.63	9.38	1.67	19.21
Burton, J 		0	0	3.1	0.00	0	0	0	0.00	-	0.80	.000	.000	.000	2.70	0.00	0.00	-	12.60
Cabrera, F 		0	0	1.1	20.25	3	3	1	3.00	-	-	.571	1.000	1.571	0.00	13.50	13.50	0.00	21.75
Caridad, E 		0	1	4.0	11.25	7	5	1	2.25	.000	1.50	.391	.471	.862	9.00	11.25	9.00	0.80	24.25
Carlson, J 		0	0	13.2	4.61	7	7	3	1.32	-	1.54	.328	.481	.808	5.27	3.29	8.56	1.60	15.51
Carpenter, D 		0	1	3.0	9.00	3	3	1	1.67	.000	0.75	.385	.692	1.077	6.00	0.00	15.00	-	16.33
Cash, K 		0	0	1.0	9.00	1	1	0	3.00	-	0.50	.500	.667	1.167	0.00	0.00	27.00	-	10.00
Ceda, J 		0	0	8.2	5.19	5	5	1	2.19	-	0.42	.444	.364	.808	9.35	11.42	8.31	0.82	22.15
Chico, M 		0	0	5.0	3.60	2	2	0	1.20	-	2.00	.318	.381	.699	5.40	0.00	10.80	-	15.80
Cishek, S 		0	0	4.1	0.00	0	0	0	0.46	-	1.00	.133	.143	.276	6.23	2.08	2.08	3.00	14.54
Coello, R 		0	0	5.2	4.76	3	3	0	1.59	-	0.09	.346	.190	.537	7.94	7.94	6.35	1.00	17.65
Colome, J 		0	1	17.0	5.29	10	10	1	1.53	.000	0.59	.351	.371	.722	8.47	5.82	7.94	1.45	18.35
Colon, R 		0	0	2.0	18.00	4	4	0	3.50	-	0.67	.571	.636	1.208	4.50	9.00	22.50	0.50	31.50
Cordero, C 		0	1	9.2	6.52	7	7	1	1.55	.000	0.82	.400	.594	.994	5.59	4.66	9.31	1.20	17.28
Cortes, D 		0	1	5.1	3.38	3	2	0	1.13	.000	0.38	.261	.211	.471	10.13	5.06	5.06	2.00	19.50
Cruz, J 		0	0	5.1	3.38	2	2	0	2.44	-	1.00	.481	.478	.960	11.81	6.75	15.19	1.75	20.44
Daley, M 		0	1	23.1	4.24	11	11	2	1.59	.000	1.13	.377	.467	.845	6.94	3.86	10.41	1.80	18.30
Deduno, S 		0	0	2.2	3.38	1	1	1	1.50	-	0.67	.333	.545	.879	10.13	3.38	10.13	3.00	18.75
Delaney, R 		0	0	1.0	9.00	1	1	1	3.00	-	-	.600	1.250	1.850	0.00	9.00	18.00	0.00	20.00
Drabek, K 		0	3	17.0	4.76	9	9	2	1.35	.000	3.44	.338	.443	.781	6.35	2.65	9.53	2.40	15.29
Ekstrom, M 		0	1	16.1	3.31	6	6	0	1.29	.000	1.06	.338	.232	.570	5.51	4.96	6.61	1.11	17.02
Elbert, S 		0	0	0.2	13.50	1	1	0	6.00	-	0.00	.667	.333	1.000	0.00	40.50	13.50	0.00	36.00
English, J 		0	0	7.0	3.86	3	3	0	1.71	-	0.89	.364	.419	.783	5.14	2.57	12.86	2.00	17.71
Escalona, E 		0	0	6.0	1.50	1	1	0	1.33	-	0.33	.308	.238	.546	3.00	6.00	6.00	0.50	17.00
Estrada, M 		0	0	11.1	9.53	13	12	3	1.76	-	0.71	.368	.540	.908	10.32	4.76	11.12	2.17	21.00
Fien, C 		0	0	2.2	10.13	3	3	2	1.50	-	1.67	.364	1.000	1.364	0.00	0.00	13.50	-	16.87
Figaro, A 		0	2	14.2	6.75	12	11	1	1.77	.000	1.11	.388	.483	.871	3.07	4.91	11.05	0.63	16.57
Fox, M 		0	0	7.1	4.91	4	4	0	1.36	-	0.83	.323	.333	.656	0.00	2.45	9.82	0.00	17.05
Gabino, A 		0	0	4.2	13.50	7	7	3	2.57	-	0.71	.462	.826	1.288	3.86	5.79	17.36	0.67	21.43
Germano, J 		0	3	35.1	3.31	15	13	6	0.99	.000	1.05	.283	.382	.664	7.39	2.04	6.88	3.63	14.43
Gervacio, S 		0	1	3.2	12.27	6	5	1	2.45	.000	2.00	.450	.533	.983	7.36	12.27	9.82	0.60	20.45
Gonzalez, E 		0	1	26.0	3.81	11	11	4	1.46	.000	1.48	.355	.416	.771	4.50	5.88	7.27	0.76	15.31
Green, S 		0	0	9.1	3.86	6	4	1	1.61	-	4.67	.404	.314	.719	11.57	7.71	6.75	1.50	20.68
Gutierrez, J 		0	6	56.2	5.08	33	32	13	1.38	.000	0.69	.333	.472	.806	7.46	3.65	8.74	2.04	16.87
Haeger, C 		0	4	30.0	8.40	32	28	4	2.07	.000	1.26	.420	.492	.912	9.00	7.80	10.80	1.15	21.80
Hall, B 		0	0	1.0	0.00	0	0	0	0.00	-	-	.000	.000	.000	0.00	0.00	0.00	-	11.00
Hampton, M 		0	0	4.1	0.00	0	0	0	0.92	-	1.25	.250	.214	.464	6.23	2.08	6.23	3.00	13.38
Hawkins, L 		0	3	16.0	8.44	15	15	2	1.69	.000	1.33	.397	.492	.890	10.13	3.38	11.81	3.00	20.00
Herrmann, F 		0	1	44.2	4.03	22	20	6	1.28	.000	0.76	.316	.460	.775	4.84	1.81	9.67	2.67	16.77
Holland, G 		0	1	18.2	6.75	15	14	3	1.66	.000	0.89	.360	.474	.835	11.09	3.86	11.09	2.88	16.88
Houser, J 		0	0	1.1	20.25	3	3	1	3.00	-	-	.625	1.167	1.792	6.75	6.75	20.25	1.00	21.75
Infante, G 		0	0	4.2	0.00	0	0	0	1.29	-	0.50	.316	.133	.449	9.64	7.71	3.86	1.25	18.43
Inglett, J 		0	0	1.0	0.00	0	0	0	0.00	-	0.50	.000	.000	.000	0.00	0.00	0.00	-	6.00
Jackson, S 		0	1	11.1	8.74	11	11	4	2.03	.000	1.00	.426	.617	1.043	5.56	4.76	13.50	1.17	16.24
Jakubauskas, C 		0	1	0.2	27.00	2	2	0	3.00	.000	0.00	.500	.500	1.000	0.00	0.00	27.00	-	18.00
James, J 		0	0	4.0	4.50	2	2	0	2.75	-	6.00	.522	.389	.911	11.25	9.00	15.75	1.25	21.75
Joaquin, W 		0	0	4.2	9.64	6	5	0	2.79	-	4.50	.538	.389	.927	3.86	13.50	11.57	0.29	23.14
Jones, H 		0	0	1.2	0.00	0	0	0	0.60	-	1.00	.286	.000	.286	16.20	5.40	0.00	3.00	20.40
Kilby, B 		0	0	8.1	2.16	2	2	2	0.84	-	0.21	.219	.469	.688	8.64	0.00	7.56	-	16.44
Kintzler, B 		0	1	7.1	7.36	6	6	2	1.91	.000	12.00	.438	.607	1.045	11.05	4.91	12.27	2.25	16.77
Kirkman, M 		0	0	16.1	1.65	3	3	0	1.16	-	0.94	.279	.179	.458	8.82	5.51	4.96	1.60	17.02
Ledezma, W 		0	3	19.2	6.86	16	15	2	1.58	.000	0.81	.348	.459	.807	10.07	2.75	11.44	3.67	18.46
Leroux, C 		0	1	22.2	6.75	18	17	1	1.85	.000	1.42	.400	.466	.866	8.74	5.56	11.12	1.57	17.91
Lewis, R 		0	0	18.2	6.75	14	14	4	1.50	-	1.00	.341	.500	.841	7.23	3.86	9.64	1.88	17.52
Link, J 		0	0	8.2	4.15	7	4	0	1.85	-	2.50	.400	.389	.789	4.15	4.15	12.46	1.00	16.04
Lopez, F 		0	0	1.0	0.00	0	0	0	2.00	-	0.00	.500	.333	.833	0.00	9.00	9.00	0.00	21.00
MacLane, E 		0	1	1.0	9.00	1	1	1	2.00	.000	-	.500	1.333	1.833	0.00	9.00	9.00	0.00	23.00
Maine, S 		0	0	13.0	2.08	4	3	1	1.08	-	1.73	.259	.313	.572	7.62	3.46	6.23	2.20	16.00
Majewski, G 		0	0	2.0	22.50	5	5	1	3.00	-	2.00	.462	.750	1.212	4.50	4.50	22.50	1.00	20.00
Marquez, J 		0	0	1.0	18.00	2	2	1	2.00	-	2.00	.400	1.000	1.400	0.00	0.00	18.00	-	16.00
Marte, A 		0	0	1.0	0.00	0	0	0	0.00	-	1.00	.000	.000	.000	9.00	0.00	0.00	-	13.00
Marte, D 		0	0	17.2	4.08	8	8	2	1.19	-	0.56	.289	.290	.580	6.11	5.60	5.09	1.09	19.25
Martinez, C 		0	0	26.0	4.85	14	14	3	1.31	-	2.06	.309	.437	.746	7.62	2.08	9.69	3.67	16.27
Martinez, J 		0	1	19.2	4.12	11	9	1	1.78	.000	1.23	.394	.439	.833	4.12	4.12	11.90	1.00	16.83
Mata, F 		0	0	17.1	7.79	16	15	2	1.85	-	1.69	.400	.500	.900	4.67	4.15	12.46	1.13	17.94
Mateo, M 		0	1	21.2	5.82	15	14	6	1.34	.000	1.00	.323	.506	.829	10.80	3.74	8.31	2.89	17.49
Mather, J 		0	1	2.0	9.00	2	2	0	2.50	.000	0.50	.545	.400	.945	0.00	13.50	9.00	0.00	19.00
Mathieson, S 		0	0	1.2	10.80	3	2	0	4.20	-	1.00	.636	.556	1.192	5.40	10.80	27.00	0.50	28.80
Maya, Y 		0	3	26.0	5.88	18	17	3	1.58	.000	0.67	.371	.461	.831	4.15	3.81	10.38	1.09	17.00
McGee, J 		0	0	5.0	1.80	1	1	0	1.00	-	1.25	.250	.176	.426	10.80	5.40	3.60	2.00	16.40
Meche, G 		0	5	61.2	5.69	42	39	9	1.67	.000	1.17	.376	.445	.822	5.98	5.55	9.49	1.08	18.11
Medders, B 		0	0	15.0	7.20	12	12	3	2.13	-	0.62	.438	.642	1.080	4.80	3.60	15.60	1.33	18.07
Mejia, J 		0	4	39.0	4.62	21	20	3	1.69	.000	2.43	.377	.396	.773	5.08	4.62	10.62	1.10	18.26
Mendoza, L 		0	1	4.0	22.50	10	10	4	3.25	.000	1.20	.520	1.136	1.656	2.25	6.75	22.50	0.33	23.75
Meredith, C 		0	2	15.0	5.40	9	9	4	1.47	.000	1.85	.348	.583	.932	4.20	2.40	10.80	1.75	15.40
Meyer, D 		0	1	9.1	9.64	10	10	1	2.89	.000	0.67	.519	.512	1.031	3.86	11.57	14.46	0.33	25.29
Mickolio, K 		0	0	3.2	7.36	3	3	1	2.18	-	0.17	.421	.625	1.046	9.82	7.36	12.27	1.33	24.00
Miles, A 		0	0	2.0	0.00	0	0	0	1.00	-	0.50	.250	.375	.625	0.00	0.00	9.00	-	9.50
Miller, J 		0	0	24.1	4.44	12	12	4	1.23	-	1.05	.320	.433	.754	11.10	2.96	8.14	3.75	16.93
Miller, T 		0	1	36.0	4.00	17	16	2	1.28	.000	0.89	.322	.318	.640	5.50	4.00	7.50	1.38	16.92
Misch, P 		0	4	37.2	3.82	20	16	4	1.25	.000	1.42	.302	.401	.703	5.50	0.96	10.27	5.75	15.11
Mitre, S 		0	3	54.0	3.33	23	20	7	1.09	.000	1.50	.288	.378	.666	4.83	2.67	7.17	1.81	14.48
Mock, G 		0	0	3.1	5.40	2	2	2	2.70	-	0.40	.474	.714	1.188	8.10	13.50	10.80	0.60	25.20
Morales, F 		0	4	28.2	6.28	22	20	5	1.81	.000	0.74	.396	.427	.823	8.48	7.53	8.79	1.13	19.64
Mortensen, C 		0	0	6.0	4.50	4	3	1	1.33	-	0.57	.308	.375	.683	10.50	3.00	9.00	3.50	15.83
Moscoso, G 		0	0	0.2	27.00	2	2	0	6.00	-	-	.714	.750	1.464	27.00	27.00	27.00	1.00	39.00
Mulvey, K 		0	0	3.0	6.00	2	2	2	2.33	-	0.80	.471	.786	1.256	3.00	6.00	15.00	0.50	20.67
Nelson, J 		0	0	8.1	9.72	9	9	2	2.40	-	0.70	.444	.615	1.060	9.72	6.48	15.12	1.50	21.48
Neshek, P 		0	1	9.0	5.00	5	5	1	1.67	.000	0.64	.372	.324	.696	9.00	8.00	7.00	1.13	19.44
Ni, F 		0	1	23.0	6.65	19	17	2	2.00	.000	0.96	.417	.452	.869	8.61	7.43	10.57	1.16	19.26
Norberto, J 		0	2	20.0	5.85	13	13	3	1.90	.000	0.91	.409	.380	.789	6.75	9.90	7.20	0.68	21.15
Ohman, W 		0	2	42.0	3.21	18	15	4	1.50	.000	1.13	.348	.385	.732	9.21	4.93	8.57	1.87	18.60
Oliver, A 		0	4	22.0	7.36	22	18	3	1.77	.000	1.30	.410	.500	.910	7.36	5.32	10.64	1.38	18.86
Olson, G 		0	3	37.2	4.54	20	19	6	1.51	.000	0.85	.333	.452	.785	7.41	3.58	10.04	2.07	16.43
Ortiz, R 		0	1	7.0	10.29	8	8	0	2.14	.000	2.00	.429	.379	.808	7.71	6.43	12.86	1.20	21.43
Ottavino, A 		0	2	22.1	8.46	21	21	5	2.06	.000	1.07	.422	.650	1.072	4.84	3.63	14.91	1.33	18.85
Parnell, B 		0	1	35.0	2.83	13	11	1	1.40	.000	2.55	.333	.353	.686	8.49	2.06	10.54	4.13	16.80
Patton, T 		0	0	0.2	0.00	0	0	0	3.00	-	-	.500	.667	1.167	13.50	13.50	13.50	1.00	24.00
Penn, H 		0	0	2.1	30.86	8	8	0	4.71	-	5.00	.688	.846	1.534	0.00	11.57	30.86	0.00	28.29
Perdomo, L 		0	0	1.0	9.00	1	1	1	1.00	-	2.00	.250	1.000	1.250	0.00	0.00	9.00	-	20.00
Perez, O 		0	5	46.1	6.80	37	35	9	2.07	.000	0.79	.429	.505	.935	7.19	8.16	10.49	0.88	20.59
Pestano, V 		0	0	5.0	3.60	2	2	0	1.80	-	0.75	.391	.222	.614	14.40	9.00	7.20	1.60	20.20
Pinto, R 		0	0	16.2	2.70	5	5	1	1.50	-	0.65	.377	.359	.736	8.64	4.86	8.64	1.78	19.20
Proctor, S 		0	0	5.2	6.35	4	4	1	1.41	-	0.57	.333	.450	.783	9.53	6.35	6.35	1.50	19.24
Ramos, C 		0	1	8.1	11.88	11	11	1	2.64	.000	1.00	.468	.581	1.049	9.72	4.32	19.44	2.25	23.76
Rapada, C 		0	0	9.0	4.00	4	4	2	1.44	-	0.50	.333	.375	.708	5.00	7.00	6.00	0.71	16.22
Ray, R 		0	0	3.2	2.45	1	1	0	1.91	-	0.33	.389	.385	.774	7.36	12.27	4.91	0.60	21.82
Resop, C 		0	0	21.0	3.86	9	9	1	1.33	-	0.61	.311	.320	.631	11.14	5.57	6.43	2.00	19.24
Reyes, J 		0	0	3.1	24.30	9	9	2	3.90	-	1.00	.565	.900	1.465	5.40	8.10	27.00	0.67	27.60
Richardson, D 		0	0	13.0	4.15	6	6	2	2.23	-	1.25	.455	.460	.915	8.31	9.69	10.38	0.86	22.62
Rincon, J 		0	0	2.0	4.50	1	1	0	2.50	-	2.00	.455	.444	.899	13.50	9.00	13.50	1.50	24.00
Ring, R 		0	0	2.1	15.43	4	4	0	2.14	-	4.00	.417	.300	.717	7.71	7.71	11.57	1.00	20.14
Riske, D 		0	0	23.1	5.01	14	13	2	1.41	-	0.50	.337	.409	.745	6.17	3.09	9.64	2.00	17.06
Rivera, S 		0	0	3.2	22.09	9	9	2	3.82	-	2.33	.583	.850	1.433	2.45	7.36	27.00	0.33	22.91
Rodriguez, R 		0	0	4.2	5.79	3	3	1	1.71	-	1.75	.417	.474	.890	5.79	5.79	9.64	1.00	20.57
Rogers, M 		0	0	10.0	1.80	2	2	0	0.50	-	0.90	.171	.067	.238	9.90	2.70	1.80	3.67	14.70
Rosa, C 		0	2	20.0	4.50	10	10	1	1.60	.000	0.72	.364	.357	.721	4.05	5.40	9.00	0.75	18.35
Rosario, S 		0	0	1.0	54.00	6	6	2	10.00	-	1.00	.833	1.455	2.288	0.00	9.00	81.00	0.00	41.00
Russell, A 		0	0	15.2	4.02	8	7	0	1.21	-	1.55	.311	.291	.602	10.34	2.87	8.04	3.60	16.21
Salas, F 		0	0	30.2	3.52	13	12	4	1.40	-	0.68	.326	.422	.748	8.51	4.40	8.22	1.93	18.46
Sanchez, R 		0	0	4.1	0.00	0	0	0	0.92	-	0.60	.235	.071	.307	10.38	6.23	2.08	1.67	18.23
Sborz, J 		0	0	0.2	67.50	5	5	0	4.50	-	-	.714	.600	1.314	13.50	0.00	40.50	-	36.00
Schlitter, B 		0	1	8.0	12.38	11	11	2	2.88	.000	0.80	.500	.667	1.167	7.88	5.63	20.25	1.40	22.38
Shields, S 		0	3	46.0	5.28	31	27	6	1.72	.000	1.25	.375	.390	.765	7.63	6.65	8.80	1.15	19.02
Sinkbeil, B 		0	0	2.0	13.50	3	3	0	3.50	-	1.50	.538	.375	.913	4.50	22.50	9.00	0.20	29.00
Slama, A 		0	1	4.2	7.71	4	4	1	2.36	.000	0.50	.440	.550	.990	9.64	9.64	11.57	1.00	22.93
Smith, C 		0	0	3.1	5.40	2	2	0	1.50	-	-	.357	.462	.819	10.80	2.70	10.80	4.00	18.90
Snell, I 		0	5	46.1	6.41	36	33	10	1.83	.000	0.70	.384	.564	.948	5.05	4.86	11.65	1.04	18.93
Springer, R 		0	0	1.2	5.40	1	1	0	1.20	-	0.00	.286	.286	.571	5.40	0.00	10.80	-	19.80
Stange, D 		0	0	4.0	13.50	6	6	1	2.50	-	1.50	.455	.500	.955	4.50	13.50	9.00	0.33	24.75
Stetter, M 		0	0	3.2	14.73	6	6	1	2.73	-	0.33	.500	.556	1.056	7.36	7.36	17.18	1.00	25.09
Stevens, J 		0	0	17.2	6.11	15	12	4	1.75	-	1.29	.369	.562	.931	7.64	5.09	10.70	1.50	19.70
Stokes, B 		0	0	16.2	8.10	18	15	4	2.52	-	1.83	.478	.653	1.131	8.64	8.64	14.04	1.00	19.80
Stoner, T 		0	1	2.1	3.86	1	1	0	1.71	.000	1.33	.364	.500	.864	0.00	3.86	11.57	0.00	16.29
Strickland, S 		0	0	2.0	9.00	2	2	0	3.00	-	0.25	.545	.700	1.245	0.00	4.50	22.50	0.00	20.00
Strop, P 		0	0	10.2	10.13	12	12	2	2.63	-	0.83	.492	.617	1.109	9.28	9.28	14.34	1.00	22.69
Tankersley, T 		0	0	12.0	7.50	11	10	4	1.58	-	0.58	.351	.563	.913	5.25	5.25	9.00	1.00	19.42
Thayer, D 		0	0	2.0	27.00	6	6	1	3.50	-	1.00	.538	.846	1.385	9.00	0.00	31.50	-	26.50
Thomas, J 		0	1	13.0	6.23	9	9	3	2.00	.000	0.57	.419	.607	1.026	3.46	3.46	14.54	1.00	16.69
Thompson, B 		0	4	19.2	6.41	16	14	4	1.47	.000	1.45	.341	.537	.877	4.58	1.83	11.44	2.50	16.22
Threets, E 		0	0	12.1	0.00	1	0	0	0.97	-	1.50	.267	.220	.486	4.38	2.19	6.57	2.00	13.86
Todd, J 		0	0	6.0	7.50	5	5	0	2.00	-	0.50	.400	.444	.844	13.50	4.50	13.50	3.00	22.17
Torres, C 		0	1	13.2	8.56	13	13	2	2.34	.000	0.69	.451	.590	1.041	8.56	5.93	15.15	1.44	19.61
Valdez, M 		0	0	1.1	20.25	3	3	0	3.75	-	-	.556	.333	.889	0.00	20.25	13.50	0.00	37.50
van den Hurk, R 		0	1	17.2	5.09	14	10	2	1.36	.000	0.80	.342	.385	.727	9.17	4.08	8.15	2.25	16.87
Van Every, J 		0	0	1.0	18.00	2	2	1	2.00	-	1.00	.400	1.200	1.600	9.00	0.00	18.00	-	14.00
Varvaro, A 		0	1	4.0	11.25	5	5	2	3.00	.000	1.33	.500	.667	1.167	11.25	13.50	13.50	0.83	23.50
Villar, H 		0	0	6.0	4.50	3	3	0	1.33	-	0.88	.333	.227	.561	4.50	4.50	7.50	1.00	15.83
Viola, P 		0	0	1.1	13.50	2	2	1	1.50	-	0.00	.333	.800	1.133	20.25	6.75	6.75	3.00	21.00
Walden, J 		0	1	15.1	2.35	4	4	1	1.30	.000	3.60	.308	.362	.670	13.50	4.11	7.63	3.29	17.87
West, S 		0	2	9.1	7.71	9	8	2	2.04	.000	1.22	.432	.600	1.032	7.71	3.86	14.46	2.00	16.93
White, S 		0	1	34.1	5.24	20	20	4	1.63	.000	1.32	.376	.515	.891	3.93	2.88	11.80	1.36	15.03
Williams, R 		0	1	25.0	5.40	17	15	2	2.32	.000	0.96	.462	.533	.995	7.92	7.56	13.32	1.05	19.88
Wolf, R 		0	0	12.2	4.26	6	6	1	1.42	-	1.64	.345	.396	.741	6.39	4.26	8.53	1.50	17.29
Wood, T 		0	1	27.2	5.53	19	17	2	1.73	.000	0.85	.384	.435	.819	3.25	4.88	10.73	0.67	15.61
Zagurski, M 		0	0	7.0	10.29	8	8	1	1.86	-	0.80	.455	.560	1.015	14.14	6.43	10.29	2.20	21.86
