Lee, C 		22	3	223.1	2.54	68	63	12	1.11	.880	1.10	.285	.348	.633	6.85	1.37	8.62	5.00	14.79
Webb, B 		22	7	226.2	3.30	95	83	13	1.20	.759	3.08	.302	.334	.636	7.27	2.58	8.18	2.82	15.04
Halladay, R 		20	11	246.0	2.78	88	76	18	1.05	.645	1.76	.276	.345	.621	7.54	1.43	8.05	5.28	14.58
Mussina, M 		20	9	200.1	3.37	85	75	17	1.22	.690	1.39	.310	.411	.721	6.74	1.39	9.61	4.84	15.67
Burnett, A 		18	10	221.1	4.07	109	100	19	1.34	.643	1.46	.322	.388	.710	9.39	3.50	8.58	2.69	16.70
Lincecum, T 		18	5	227.0	2.62	72	66	11	1.17	.783	1.15	.297	.316	.612	10.51	3.33	7.22	3.15	16.37
Matsuzaka, D 		18	3	167.2	2.90	58	54	12	1.32	.857	0.80	.321	.324	.645	8.27	5.05	6.87	1.64	17.45
Dempster, R 		17	6	206.2	2.96	75	68	14	1.21	.739	1.26	.302	.341	.642	8.14	3.31	7.58	2.46	16.26
Floyd, G 		17	8	206.1	3.84	107	88	30	1.26	.680	0.98	.309	.429	.738	6.32	3.05	8.29	2.07	15.76
Lilly, T 		17	9	204.2	4.09	96	93	32	1.23	.654	0.69	.301	.432	.734	8.09	2.81	8.22	2.88	15.88
Oswalt, R 		17	10	208.2	3.54	89	82	23	1.18	.630	1.55	.300	.392	.692	7.12	2.03	8.58	3.51	14.93
Sabathia, C 		17	10	253.0	2.70	85	76	19	1.11	.630	1.32	.285	.340	.625	8.93	2.10	7.93	4.25	15.18
Saunders, J 		17	7	198.0	3.41	82	75	21	1.21	.708	1.23	.307	.384	.691	4.68	2.41	8.50	1.94	15.22
Volquez, E 		17	6	196.0	3.21	82	70	14	1.33	.739	1.19	.329	.351	.681	9.46	4.27	7.67	2.22	17.33
Billingsley, C 		16	10	200.2	3.14	76	70	14	1.34	.615	1.53	.324	.363	.687	9.01	3.59	8.43	2.51	16.64
Cook, A 		16	9	211.1	3.96	102	93	13	1.34	.640	2.28	.328	.410	.739	4.09	2.04	10.05	2.00	14.55
Haren, D 		16	8	216.0	3.33	86	80	19	1.13	.667	1.07	.286	.381	.667	8.58	1.67	8.50	5.15	15.60
Lester, J 		16	6	210.1	3.21	78	75	14	1.27	.727	1.38	.320	.368	.688	6.50	2.82	8.64	2.30	15.87
Moyer, J 		16	7	196.1	3.71	85	81	20	1.33	.696	1.11	.326	.404	.731	5.64	2.84	9.12	1.98	16.16
Santana, E 		16	7	219.0	3.49	89	85	23	1.12	.696	0.79	.283	.368	.651	8.79	1.93	8.14	4.55	15.87
Santana, J 		16	7	234.1	2.53	74	66	23	1.15	.696	0.94	.286	.362	.648	7.91	2.42	7.91	3.27	15.41
Arroyo, B 		15	11	200.0	4.77	116	106	29	1.44	.577	1.10	.341	.469	.811	7.34	3.06	9.86	2.40	17.22
Buehrle, M 		15	12	218.2	3.79	106	92	22	1.34	.556	1.63	.324	.423	.747	5.76	2.14	9.88	2.69	15.53
Lohse, K 		15	6	200.0	3.78	88	84	18	1.30	.714	1.21	.316	.418	.734	5.36	2.21	9.50	2.43	15.93
Nolasco, R 		15	8	212.1	3.52	88	83	28	1.10	.652	0.80	.278	.410	.688	7.88	1.78	8.14	4.43	15.31
Garland, J 		14	8	196.2	4.90	116	107	23	1.51	.636	1.55	.355	.464	.819	4.12	2.70	10.85	1.53	16.22
Hamels, C 		14	10	227.1	3.09	89	78	28	1.08	.583	0.95	.272	.384	.657	7.76	2.10	7.64	3.70	15.13
Jackson, E 		14	11	183.1	4.42	91	90	23	1.51	.560	0.84	.352	.444	.796	5.30	3.78	9.77	1.40	16.75
Lowe, D 		14	11	211.0	3.24	84	76	14	1.13	.560	2.41	.285	.352	.637	6.27	1.92	8.27	3.27	14.90
Meche, G 		14	11	210.1	3.98	98	93	19	1.32	.560	0.81	.314	.392	.706	7.83	3.12	8.73	2.51	16.95
Padilla, V 		14	8	171.0	4.74	100	90	26	1.46	.636	1.05	.351	.447	.798	6.68	3.42	9.74	1.95	16.98
Pettitte, A 		14	14	204.0	4.54	112	103	19	1.41	.500	1.62	.338	.422	.760	6.97	2.43	10.28	2.87	16.11
Shields, J 		14	8	215.0	3.56	94	85	24	1.15	.636	1.27	.299	.409	.708	6.70	1.67	8.71	4.00	14.68
Zambrano, C 		14	6	188.2	3.91	85	82	18	1.29	.700	1.27	.316	.370	.686	6.20	3.43	8.20	1.81	16.03
Galarraga, A 		13	7	178.2	3.73	83	74	28	1.19	.650	1.10	.294	.410	.704	6.35	3.07	7.66	2.07	15.61
Greinke, Z 		13	10	202.1	3.47	87	78	21	1.28	.565	1.04	.309	.406	.715	8.14	2.49	8.99	3.27	16.05
Hernandez, L 		13	11	180.0	6.05	129	121	25	1.67	.542	1.18	.375	.520	.895	3.35	2.15	12.85	1.56	15.57
Litsch, J 		13	9	176.0	3.58	79	70	20	1.23	.591	1.26	.307	.414	.721	5.06	1.99	9.10	2.54	15.69
Pelfrey, M 		13	11	200.2	3.72	86	83	12	1.36	.542	1.55	.340	.393	.734	4.93	2.87	9.37	1.72	16.56
Sheets, B 		13	9	198.1	3.09	74	68	17	1.15	.591	0.99	.284	.390	.674	7.17	2.13	8.21	3.36	15.57
Sonnanstine, A 		13	9	193.1	4.38	105	94	21	1.29	.591	0.96	.312	.446	.758	5.77	1.72	9.87	3.35	15.17
Wellemeyer, T 		13	9	191.2	3.71	84	79	25	1.25	.591	0.86	.308	.416	.724	6.29	2.91	8.36	2.16	16.21
Beckett, J 		12	10	174.1	4.03	80	78	18	1.19	.545	0.97	.300	.400	.700	8.88	1.76	8.93	5.06	15.56
Danks, J 		12	9	195.0	3.32	74	72	15	1.23	.571	1.07	.303	.371	.674	7.34	2.63	8.40	2.79	16.19
Jimenez, U 		12	12	198.2	3.99	97	88	11	1.43	.500	1.90	.343	.348	.691	7.79	4.67	8.24	1.67	16.94
Jurrjens, J 		12	10	188.1	3.68	87	77	11	1.37	.545	1.58	.327	.384	.711	6.64	3.35	8.98	1.99	16.38
Kazmir, S 		12	8	152.1	3.49	61	59	23	1.27	.600	0.59	.309	.418	.727	9.81	4.14	7.27	2.37	18.14
Lackey, J 		12	5	163.1	3.75	71	68	26	1.23	.706	1.25	.315	.435	.749	7.16	2.20	8.87	3.25	15.09
Looper, B 		12	14	199.0	4.16	101	92	25	1.31	.462	1.35	.326	.438	.764	4.88	2.04	9.77	2.40	16.31
Perkins, G 		12	4	151.0	4.41	81	74	25	1.47	.750	0.90	.344	.493	.837	4.41	2.32	10.91	1.90	15.70
Slowey, K 		12	11	160.1	3.99	74	71	22	1.15	.522	0.76	.290	.438	.728	6.90	1.35	9.04	5.13	15.72
Vazquez, J 		12	16	208.1	4.67	113	108	25	1.32	.429	0.92	.317	.438	.755	8.64	2.64	9.24	3.28	16.25
Wolf, R 		12	12	190.1	4.30	100	91	21	1.38	.500	0.94	.337	.409	.746	7.66	3.36	9.03	2.28	16.71
Baker, S 		11	4	172.1	3.45	66	66	20	1.18	.733	0.58	.294	.381	.675	7.36	2.19	8.41	3.36	15.70
Blackburn, N 		11	11	193.1	4.05	102	87	23	1.36	.500	1.17	.330	.441	.771	4.47	1.82	10.43	2.46	14.96
Byrd, P 		11	12	180.0	4.60	96	92	31	1.32	.478	0.82	.324	.478	.801	4.10	1.70	10.20	2.41	14.08
Garza, M 		11	9	184.2	3.70	83	76	19	1.24	.550	0.92	.306	.377	.683	6.24	2.88	8.29	2.17	16.03
Hudson, T 		11	7	142.0	3.17	53	50	11	1.16	.611	2.21	.294	.366	.660	5.39	2.54	7.92	2.13	14.14
Johnson, R 		11	10	184.0	3.91	92	80	24	1.24	.524	0.84	.306	.422	.728	8.46	2.15	9.00	3.93	15.78
Kendrick, K 		11	9	155.2	5.49	103	95	23	1.61	.550	1.28	.371	.484	.855	3.93	3.30	11.22	1.19	16.84
Marquis, J 		11	9	167.0	4.53	87	84	15	1.45	.550	1.28	.343	.403	.746	4.90	3.77	9.27	1.30	15.96
Moehler, B 		11	8	150.0	4.56	79	76	20	1.35	.579	1.08	.320	.452	.772	4.92	2.16	9.96	2.28	15.46
Verlander, J 		11	17	201.0	4.84	119	108	18	1.40	.393	0.82	.338	.377	.715	7.30	3.90	8.73	1.87	17.65
Wainwright, A 		11	3	132.0	3.20	51	47	12	1.18	.786	1.17	.296	.392	.688	6.20	2.32	8.32	2.68	14.93
Weaver, J 		11	10	176.2	4.33	88	85	20	1.28	.524	0.70	.313	.416	.729	7.74	2.75	8.81	2.81	17.24
Arredondo, J 		10	2	61.0	1.62	15	11	3	1.05	.833	1.41	.266	.267	.533	8.11	3.25	6.20	2.50	15.61
De La Rosa, J 		10	8	130.0	4.92	77	71	13	1.46	.556	1.32	.349	.411	.760	8.86	4.29	8.86	2.06	17.49
Duchscherer, J 		10	8	141.2	2.54	45	40	11	1.00	.556	0.96	.268	.322	.590	6.04	2.16	6.80	2.79	14.55
Guthrie, J 		10	12	190.2	3.63	82	77	24	1.23	.455	1.12	.304	.391	.694	5.66	2.74	8.31	2.07	16.08
Harden, R 		10	2	148.0	2.07	38	34	11	1.06	.833	0.49	.270	.287	.557	11.01	3.71	5.84	2.97	16.74
Maine, J 		10	8	140.0	4.18	70	65	16	1.35	.556	0.83	.323	.372	.694	7.84	4.31	7.84	1.82	18.16
Myers, B 		10	13	190.0	4.55	103	96	29	1.38	.435	1.28	.330	.461	.791	7.72	3.08	9.33	2.51	15.92
Parra, M 		10	8	166.0	4.39	91	81	18	1.54	.556	1.66	.353	.413	.766	7.97	4.07	9.81	1.96	17.10
Peavy, J 		10	11	173.2	2.85	57	55	17	1.18	.476	0.93	.299	.345	.645	8.60	3.06	7.57	2.81	16.56
Perez, O 		10	7	194.0	4.22	100	91	24	1.40	.588	0.57	.338	.387	.725	8.35	4.87	7.75	1.71	17.50
Redding, T 		10	11	182.0	4.95	110	100	27	1.43	.476	0.88	.340	.449	.788	5.93	3.21	9.64	1.85	17.30
Suppan, J 		10	10	177.2	4.96	110	98	30	1.54	.500	1.31	.361	.483	.844	4.56	3.39	10.49	1.34	15.98
Wakefield, T 		10	11	181.0	4.13	89	83	25	1.18	.476	0.73	.302	.387	.689	5.82	2.98	7.66	1.95	15.45
Zito, B 		10	17	180.0	5.15	115	103	16	1.60	.370	0.72	.360	.412	.772	6.00	5.10	9.30	1.18	17.86
Backe, B 		9	14	166.2	6.05	114	112	36	1.67	.391	0.94	.376	.544	.920	6.86	4.16	10.91	1.65	16.80
Bannister, B 		9	16	182.2	5.76	127	117	29	1.49	.360	0.89	.347	.480	.826	5.57	2.86	10.59	1.95	17.26
Blanton, J 		9	12	197.2	4.69	110	103	22	1.40	.429	1.15	.329	.429	.758	5.05	3.01	9.61	1.68	16.46
Bush, D 		9	10	185.0	4.18	92	86	29	1.14	.474	0.98	.291	.424	.715	5.30	2.34	7.93	2.27	14.85
Cueto, J 		9	14	174.0	4.81	101	93	29	1.41	.391	0.94	.342	.461	.803	8.17	3.52	9.21	2.32	17.56
Davies, K 		9	7	113.0	4.06	57	51	10	1.45	.563	0.90	.342	.420	.762	5.65	3.42	9.64	1.65	17.48
Eveland, D 		9	9	168.0	4.34	82	81	10	1.48	.500	1.41	.356	.380	.735	6.32	4.13	9.21	1.53	16.11
Gaudin, C 		9	5	90.0	4.40	50	44	11	1.32	.643	0.95	.322	.412	.734	7.10	2.70	9.20	2.63	15.99
Harrison, M 		9	3	83.2	5.49	57	51	12	1.57	.750	1.01	.358	.520	.878	4.52	3.33	10.76	1.35	16.43
Hernandez, F 		9	11	200.2	3.45	85	77	17	1.39	.450	1.68	.335	.391	.727	7.85	3.59	8.88	2.19	16.01
Kuroda, H 		9	10	183.1	3.73	85	76	13	1.22	.474	1.59	.299	.359	.659	5.69	2.06	8.89	2.76	15.00
Lannan, J 		9	15	182.0	3.91	89	79	23	1.34	.375	1.97	.328	.400	.728	5.79	3.56	8.51	1.63	16.24
Maholm, P 		9	9	206.1	3.71	89	85	21	1.28	.500	1.72	.323	.401	.724	6.06	2.75	8.77	2.21	14.83
Marcum, S 		9	7	151.1	3.39	60	57	21	1.16	.563	1.02	.293	.388	.681	7.31	2.97	7.49	2.46	15.49
Millwood, K 		9	10	168.2	5.07	104	95	18	1.59	.474	0.98	.361	.462	.823	6.67	2.61	11.74	2.55	16.08
Olson, G 		9	10	132.2	6.65	100	98	17	1.73	.474	0.91	.386	.475	.861	5.63	4.21	11.40	1.34	17.47
Rodriguez, W 		9	7	137.1	3.54	65	54	14	1.31	.563	0.99	.316	.401	.717	8.58	2.88	8.91	2.98	16.70
Rogers, K 		9	13	173.2	5.70	118	110	22	1.63	.409	1.13	.377	.495	.872	4.25	3.68	10.99	1.15	16.42
Sanchez, J 		9	12	158.0	5.01	90	88	14	1.45	.429	1.05	.344	.402	.746	8.94	4.27	8.77	2.09	18.00
Cabrera, D 		8	10	180.0	5.25	109	105	24	1.61	.444	1.33	.376	.450	.826	4.75	4.50	9.95	1.06	16.83
Cain, M 		8	14	217.2	3.76	95	91	19	1.36	.364	0.69	.328	.400	.728	7.69	3.76	8.52	2.04	16.58
Campillo, J 		8	7	158.2	3.91	74	69	18	1.24	.533	0.92	.305	.429	.734	6.07	2.16	8.96	2.82	15.74
Hernandez, R 		8	7	120.2	5.44	80	73	7	1.62	.533	3.07	.374	.385	.759	4.33	5.22	9.40	0.83	16.83
Maddux, G 		8	13	194.0	4.22	105	91	21	1.21	.381	1.46	.302	.415	.717	4.55	1.39	9.46	3.27	13.26
Miner, Z 		8	5	118.0	4.27	60	56	10	1.39	.615	1.14	.337	.407	.743	4.73	3.51	9.00	1.35	17.20
Olsen, S 		8	11	201.2	4.20	106	94	30	1.31	.421	0.77	.315	.437	.751	5.04	3.08	8.70	1.64	15.46
Ponson, S 		8	5	135.2	5.04	89	76	14	1.61	.615	1.81	.369	.464	.833	3.85	3.18	11.28	1.21	15.99
Wang, C 		8	2	95.0	4.07	44	43	4	1.32	.800	1.70	.318	.335	.654	5.12	3.32	8.53	1.54	14.85
Wright, J 		8	7	84.1	5.12	57	48	5	1.52	.533	2.77	.362	.377	.739	6.40	3.74	9.92	1.71	17.35
Brocail, D 		7	5	68.2	3.93	30	30	8	1.22	.583	0.94	.305	.377	.682	8.39	2.75	8.26	3.05	16.00
Burres, B 		7	10	129.2	6.04	90	87	17	1.66	.412	0.75	.371	.482	.854	4.37	3.47	11.45	1.26	16.82
Carlson, J 		7	2	60.0	2.25	16	15	6	1.03	.778	0.76	.275	.344	.620	8.25	3.15	6.15	2.62	14.95
Contreras, J 		7	6	121.0	4.54	64	61	12	1.36	.538	1.43	.324	.410	.734	5.21	2.60	9.67	2.00	15.78
Gregg, K 		7	8	68.2	3.41	30	26	3	1.28	.467	1.11	.314	.271	.585	7.60	4.85	6.68	1.57	18.90
Hendrickson, M 		7	8	133.2	5.45	87	81	17	1.47	.467	1.05	.346	.440	.786	5.45	3.23	9.97	1.69	17.05
Howry, B 		7	5	70.2	5.35	44	42	13	1.46	.583	0.70	.339	.543	.882	7.51	1.66	11.46	4.54	16.85
Johnson, J 		7	1	87.1	3.61	36	35	7	1.35	.875	1.59	.331	.393	.723	7.94	2.78	9.38	2.85	16.20
Oliver, D 		7	1	72.0	2.88	24	23	5	1.15	.875	1.19	.303	.379	.682	6.00	2.00	8.38	3.00	15.47
Perez, O 		7	12	159.2	4.34	87	77	22	1.48	.368	1.28	.351	.474	.825	6.71	3.10	10.26	2.16	17.01
Pineiro, J 		7	7	148.2	5.15	89	85	22	1.45	.500	1.76	.340	.507	.847	4.90	2.12	10.90	2.31	15.03
Robertson, N 		7	11	168.2	6.35	124	119	26	1.66	.389	1.30	.373	.518	.891	5.76	3.31	11.63	1.74	15.85
Smith, G 		7	16	190.1	4.16	92	88	21	1.35	.304	0.69	.326	.403	.729	5.25	4.11	7.99	1.28	16.27
Snell, I 		7	12	164.1	5.42	107	99	18	1.76	.368	0.97	.385	.474	.859	7.39	4.87	11.01	1.52	18.37
Street, H 		7	5	70.0	3.73	29	29	6	1.21	.583	0.86	.303	.368	.670	8.87	3.47	7.46	2.56	16.51
Torres, S 		7	5	80.0	3.49	35	31	6	1.35	.583	1.98	.332	.348	.680	5.74	3.71	8.44	1.55	16.04
Young, C 		7	6	102.1	3.96	46	45	13	1.29	.538	0.38	.309	.384	.694	8.18	4.22	7.39	1.94	17.14
Baek, C 		6	10	141.0	4.79	78	75	18	1.34	.375	0.85	.321	.444	.765	5.87	2.74	9.32	2.14	16.16
Balfour, G 		6	2	58.1	1.54	10	10	3	0.89	.750	0.45	.233	.230	.463	12.65	3.70	4.32	3.42	17.61
Bedard, E 		6	4	81.0	3.67	38	33	9	1.32	.600	1.00	.321	.376	.697	8.00	4.11	7.78	1.95	17.04
Bell, H 		6	6	78.0	3.58	31	31	5	1.21	.500	1.09	.302	.337	.639	8.19	3.23	7.62	2.54	17.22
Buchholz, T 		6	6	66.1	2.17	23	16	5	0.95	.500	0.87	.249	.301	.550	7.60	2.44	6.11	3.11	13.64
Corcoran, R 		6	2	72.2	3.22	31	26	1	1.39	.750	3.02	.329	.320	.649	4.83	4.46	8.05	1.08	15.61
Davis, D 		6	8	146.0	4.32	76	70	13	1.53	.429	1.41	.356	.419	.775	6.90	3.95	9.86	1.75	17.06
Devine, J 		6	1	45.2	0.59	7	3	0	0.83	.857	0.71	.225	.170	.395	9.66	2.96	4.53	3.27	15.85
Feldman, S 		6	8	151.1	5.29	103	89	22	1.43	.429	1.25	.349	.464	.814	4.40	3.33	9.57	1.32	16.41
Franklin, R 		6	6	78.2	3.55	34	31	10	1.47	.500	1.03	.346	.460	.805	5.83	3.43	9.84	1.70	16.88
Gorzelanny, T 		6	8	105.1	6.66	79	78	20	1.80	.429	0.95	.392	.517	.909	5.72	5.98	10.25	0.96	18.09
Grabow, J 		6	3	76.0	2.84	25	24	9	1.28	.667	1.09	.307	.344	.651	7.34	4.38	7.11	1.68	16.13
Guerrier, M 		6	9	76.1	5.19	47	44	12	1.59	.400	1.20	.353	.449	.802	6.96	4.36	9.90	1.59	17.34
Hanrahan, J 		6	3	84.1	3.95	40	37	9	1.36	.667	0.93	.320	.377	.697	9.92	4.48	7.79	2.21	17.82
Harang, A 		6	17	184.1	4.78	104	98	35	1.38	.261	0.73	.329	.509	.838	7.47	2.44	10.01	3.06	16.67
Hochevar, L 		6	12	129.0	5.51	84	79	12	1.47	.333	1.55	.345	.413	.758	5.02	3.28	9.98	1.53	16.12
Howell, J 		6	1	89.1	2.22	29	22	6	1.13	.857	1.65	.288	.291	.579	9.27	3.93	6.25	2.36	16.75
Liriano, F 		6	4	76.0	3.91	40	33	7	1.39	.600	0.89	.327	.392	.719	7.93	3.79	8.76	2.09	16.84
Liz, R 		6	6	84.1	6.72	67	63	16	1.78	.500	0.68	.390	.493	.883	6.08	5.44	10.57	1.12	18.38
Masterson, J 		6	5	88.1	3.16	31	31	10	1.22	.545	2.08	.319	.356	.674	6.93	4.08	6.93	1.70	15.70
McClung, S 		6	6	105.1	4.02	47	47	10	1.41	.500	1.12	.344	.371	.714	7.43	4.70	7.95	1.58	17.33
McGowan, D 		6	7	111.1	4.37	60	54	9	1.37	.462	1.01	.335	.404	.739	6.87	3.07	9.30	2.24	16.28
Miller, A 		6	10	107.1	5.87	78	70	7	1.64	.375	1.26	.373	.424	.798	7.46	4.70	10.06	1.59	18.15
Owings, M 		6	9	104.2	5.93	73	69	14	1.39	.400	0.64	.338	.415	.754	7.48	3.53	8.94	2.12	16.74
Penny, B 		6	9	94.2	6.27	68	66	13	1.63	.400	1.64	.378	.465	.843	4.85	3.99	10.65	1.21	17.90
Putz, J 		6	5	46.1	3.88	20	20	4	1.60	.545	0.78	.360	.389	.749	10.88	5.44	8.94	2.00	18.67
Rivera, M 		6	5	70.2	1.40	11	11	4	0.67	.545	1.41	.190	.233	.423	9.81	0.76	5.22	12.83	13.85
Sampson, C 		6	4	117.1	4.22	60	55	8	1.20	.600	1.86	.303	.394	.697	4.68	1.76	9.05	2.65	13.99
Shields, S 		6	4	63.1	2.70	29	19	6	1.34	.600	1.65	.323	.346	.669	9.09	4.12	7.96	2.21	17.01
Smith, J 		6	3	63.1	3.55	28	25	4	1.29	.667	2.83	.322	.336	.658	7.39	4.41	7.25	1.68	16.29
Thompson, B 		6	3	64.2	5.15	38	37	5	1.41	.667	1.60	.347	.451	.798	4.45	2.64	10.02	1.68	15.15
Valverde, J 		6	3	72.0	3.38	28	27	10	1.18	.667	0.68	.287	.399	.686	10.38	2.88	7.75	3.61	17.39
Volstad, C 		6	4	84.1	2.88	30	27	3	1.33	.600	1.66	.326	.322	.648	5.55	3.84	8.11	1.44	15.70
Yates, T 		6	3	73.1	4.66	39	38	6	1.54	.667	1.32	.352	.385	.737	7.73	5.03	8.84	1.54	16.87
Beimel, J 		5	1	49.0	2.02	11	11	0	1.45	.833	1.04	.347	.324	.672	5.88	3.86	9.18	1.52	16.65
Braden, D 		5	4	71.2	4.14	36	33	8	1.42	.556	0.85	.347	.424	.771	5.15	3.14	9.67	1.64	15.99
Burton, J 		5	1	58.2	3.22	24	21	6	1.38	.833	1.59	.325	.387	.712	8.90	3.84	8.59	2.32	16.81
Cordero, F 		5	4	70.1	3.33	28	26	6	1.41	.556	0.94	.336	.346	.682	9.98	4.86	7.81	2.05	18.16
Crain, J 		5	4	62.2	3.59	29	25	6	1.37	.556	0.88	.325	.419	.744	7.18	3.45	8.90	2.08	16.50
Dickey, R 		5	8	112.1	5.21	65	65	15	1.56	.385	1.19	.357	.449	.805	4.65	4.09	9.93	1.14	17.08
Duke, Z 		5	14	185.0	4.82	111	99	19	1.50	.263	1.56	.348	.464	.812	4.23	2.29	11.19	1.85	15.90
Durbin, C 		5	4	87.2	2.87	33	28	5	1.32	.556	1.27	.333	.342	.675	6.47	3.59	8.32	1.80	16.19
Eyre, S 		5	0	25.2	4.21	12	12	2	1.17	1.000	1.00	.302	.432	.733	11.22	2.45	8.06	4.57	17.84
Gallagher, S 		5	7	115.1	5.15	73	66	13	1.53	.417	0.70	.351	.439	.789	8.04	4.53	9.21	1.78	18.24
Gordon, T 		5	4	29.2	5.16	19	17	3	1.62	.556	0.71	.345	.438	.783	7.89	5.16	9.40	1.53	18.07
Kershaw, C 		5	5	107.2	4.26	51	51	11	1.50	.500	1.65	.347	.409	.756	8.36	4.35	9.11	1.92	17.40
Kuo, H 		5	3	80.0	2.14	21	19	4	1.01	.625	1.15	.263	.303	.566	10.80	2.36	6.75	4.57	15.83
Laffey, A 		5	7	93.2	4.23	52	44	10	1.43	.417	1.58	.351	.411	.763	4.13	2.98	9.90	1.39	16.01
Mahay, R 		5	0	64.2	3.48	27	25	6	1.39	1.000	0.92	.327	.368	.695	6.82	4.04	8.49	1.69	16.99
Marte, D 		5	3	65.0	4.02	29	29	5	1.20	.625	0.60	.295	.313	.608	9.83	3.60	7.20	2.73	17.15
Martinez, P 		5	6	109.0	5.61	70	68	19	1.57	.455	1.15	.364	.488	.853	7.18	3.63	10.49	1.98	17.36
Mota, G 		5	6	57.0	4.11	28	26	7	1.40	.455	1.16	.329	.396	.725	7.89	4.42	8.21	1.79	17.82
Papelbon, J 		5	4	69.1	2.34	24	18	4	0.95	.556	1.46	.245	.315	.561	10.00	1.04	7.53	9.63	15.25
Ramirez, E 		5	1	55.1	3.90	25	24	7	1.23	.833	0.59	.305	.380	.685	10.25	3.90	7.16	2.63	16.59
Rasner, D 		5	10	113.1	5.40	74	68	14	1.54	.333	0.98	.353	.454	.807	5.32	3.10	10.72	1.72	17.29
Rivera, S 		5	6	84.0	3.96	41	37	3	1.49	.455	1.65	.345	.342	.687	6.96	3.75	9.64	1.86	17.11
Rowland-Smith, R 		5	3	118.1	3.42	49	45	13	1.37	.625	0.86	.325	.404	.729	5.86	3.65	8.67	1.60	16.51
Rusch, G 		5	5	83.2	5.16	50	48	10	1.42	.500	1.11	.329	.455	.784	5.92	2.69	10.11	2.20	16.98
Sanchez, D 		5	1	58.1	4.32	28	28	6	1.32	.833	1.15	.315	.366	.681	6.79	3.55	8.33	1.91	16.37
Seanez, R 		5	4	43.1	3.53	24	17	2	1.45	.556	1.48	.342	.340	.682	6.23	5.19	7.89	1.20	16.41
Shouse, B 		5	1	51.1	2.81	19	16	5	1.17	.833	2.88	.288	.368	.656	5.79	2.45	8.06	2.36	14.26
Thornton, M 		5	3	67.1	2.67	20	20	5	1.00	.625	1.49	.258	.286	.544	10.29	2.54	6.42	4.05	15.46
Veras, J 		5	3	57.2	3.59	23	23	7	1.40	.625	0.88	.335	.404	.738	9.83	4.53	8.12	2.17	17.64
Walker, T 		5	8	53.1	4.56	29	27	7	1.28	.385	1.35	.308	.398	.706	8.27	3.54	7.93	2.33	16.14
Washburn, J 		5	14	153.2	4.69	87	80	19	1.46	.263	0.79	.345	.463	.808	5.10	2.93	10.19	1.74	17.18
Wheeler, D 		5	6	66.1	3.12	25	23	10	0.99	.455	0.43	.250	.358	.608	7.19	2.98	5.97	2.41	15.42
Wood, K 		5	4	66.1	3.26	24	24	3	1.09	.556	0.93	.288	.344	.632	11.40	2.44	7.33	4.67	16.34
Aardsma, D 		4	2	48.2	5.55	32	30	4	1.73	.667	1.29	.396	.426	.822	9.06	6.47	9.06	1.40	19.99
Bass, B 		4	4	89.1	4.84	55	48	12	1.44	.500	2.25	.346	.454	.801	4.53	3.12	9.87	1.45	14.82
Batista, M 		4	14	115.0	6.26	89	80	19	1.86	.222	1.12	.398	.510	.908	5.71	6.18	10.57	0.92	18.36
Bautista, D 		4	4	60.1	5.22	35	35	6	1.71	.500	0.74	.390	.439	.829	6.56	6.27	9.10	1.05	18.20
Bradford, C 		4	3	59.1	2.12	20	14	3	1.25	.571	3.00	.319	.333	.653	2.58	2.28	8.95	1.13	12.59
Chamberlain, J 		4	3	100.1	2.60	32	29	5	1.26	.571	1.46	.308	.308	.617	10.58	3.50	7.80	3.03	17.25
Colon, B 		4	2	39.0	3.92	23	17	5	1.38	.667	0.86	.329	.429	.759	6.23	2.31	10.15	2.70	14.95
Cruz, J 		4	0	51.2	2.61	17	15	5	1.26	1.000	0.54	.319	.339	.658	12.37	5.40	5.92	2.29	19.18
Dotel, O 		4	4	67.0	3.76	34	28	12	1.21	.500	0.81	.303	.384	.687	12.36	3.90	6.99	3.17	17.64
Eaton, A 		4	8	107.0	5.80	71	69	15	1.64	.333	1.10	.381	.487	.868	4.79	3.70	11.02	1.30	16.86
Francis, J 		4	10	143.2	5.01	84	80	21	1.48	.286	1.14	.343	.483	.825	5.89	3.07	10.27	1.92	16.64
Gagne, E 		4	3	46.1	5.44	28	28	11	1.47	.571	0.91	.347	.494	.841	7.38	4.27	8.94	1.73	17.61
Green, S 		4	5	79.0	4.67	47	41	3	1.47	.444	2.93	.344	.346	.690	7.06	4.10	9.11	1.72	17.24
Guardado, E 		4	4	56.1	4.15	26	26	4	1.22	.500	0.47	.307	.392	.699	5.27	3.04	7.99	1.74	16.92
Hammel, J 		4	4	78.1	4.60	45	40	11	1.51	.500	1.25	.349	.443	.791	5.06	4.02	9.54	1.26	16.89
Jones, T 		4	1	41.2	4.97	30	23	5	1.63	.800	1.35	.375	.452	.827	3.02	3.89	10.80	0.78	16.58
Kobayashi, M 		4	5	55.2	4.53	30	28	8	1.42	.444	1.48	.329	.427	.757	5.66	2.26	10.51	2.50	15.66
Lewis, S 		4	0	24.0	2.63	9	7	4	1.08	1.000	0.76	.271	.400	.671	5.63	2.25	7.50	2.50	16.13
Lopez, A 		4	1	78.2	3.55	33	31	9	1.37	.800	0.50	.320	.452	.771	6.98	2.52	9.84	2.77	16.28
Madson, R 		4	2	82.2	3.05	29	28	6	1.23	.667	1.60	.306	.370	.675	7.29	2.50	8.60	2.91	15.23
Miller, J 		4	2	46.2	4.24	26	22	4	1.41	.667	0.52	.342	.421	.763	8.29	3.86	8.87	2.15	16.26
Morton, C 		4	8	74.2	6.15	56	51	9	1.62	.333	1.71	.362	.454	.816	5.79	4.94	9.64	1.17	18.20
Ohman, W 		4	1	58.1	3.70	27	24	3	1.25	.800	0.78	.303	.339	.643	8.18	3.39	7.87	2.41	16.68
Osoria, F 		4	3	60.2	6.08	43	41	10	1.63	.571	1.64	.375	.552	.927	4.60	1.78	12.91	2.58	15.71
Oviedo, J 		4	1	48.1	2.98	19	16	2	1.24	.800	0.78	.317	.348	.665	4.84	2.79	8.38	1.73	14.63
Park, C 		4	4	95.1	3.40	43	36	12	1.40	.500	1.84	.336	.413	.749	7.46	3.40	9.16	2.19	16.95
Pavano, C 		4	2	34.1	5.77	23	22	5	1.49	.667	0.79	.364	.478	.842	3.93	2.62	10.75	1.50	16.57
Perez, R 		4	4	76.1	3.54	32	30	8	1.18	.500	2.45	.296	.353	.649	10.14	2.71	7.90	3.74	15.84
Qualls, C 		4	8	73.2	2.81	29	23	4	1.07	.333	2.38	.277	.324	.601	8.67	2.20	7.45	3.94	14.51
Rauch, J 		4	8	71.2	4.14	36	33	11	1.19	.333	0.60	.294	.448	.742	8.29	2.01	8.67	4.13	16.16
Reyes, A 		4	2	49.0	2.76	15	15	4	1.27	.667	1.03	.312	.382	.694	4.59	2.76	8.63	1.67	16.06
Rhodes, A 		4	1	35.1	2.04	9	8	0	1.25	.800	0.55	.310	.256	.566	10.19	4.08	7.13	2.50	17.04
Robertson, D 		4	0	30.1	5.34	18	18	3	1.45	1.000	0.68	.336	.354	.690	10.68	4.45	8.60	2.40	18.79
Romero, J 		4	4	59.0	2.75	18	18	5	1.34	.500	2.59	.335	.313	.647	7.93	5.80	6.25	1.37	17.63
Russell, A 		4	0	26.0	5.19	15	15	1	1.54	1.000	0.87	.362	.379	.741	7.62	3.46	10.38	2.20	17.12
Saito, T 		4	4	47.0	2.49	14	13	1	1.19	.500	1.03	.294	.299	.594	11.49	3.06	7.66	3.75	18.19
Sarfate, D 		4	3	79.2	4.74	47	42	8	1.56	.571	0.82	.367	.340	.707	9.72	7.00	7.00	1.39	19.28
Silva, C 		4	15	153.1	6.46	114	110	20	1.60	.211	1.16	.363	.505	.868	4.05	1.88	12.50	2.16	16.06
Sosa, J 		4	1	21.2	7.06	23	17	4	1.89	.800	0.83	.394	.527	.921	4.98	4.57	12.46	1.09	18.97
Sowers, J 		4	9	121.0	5.58	84	75	18	1.49	.308	1.18	.345	.481	.827	4.76	2.90	10.49	1.64	16.78
Timlin, M 		4	4	49.1	5.66	32	31	9	1.62	.500	1.34	.363	.528	.891	5.84	3.65	10.95	1.60	16.66
Villanueva, C 		4	7	108.1	4.07	53	49	18	1.31	.364	1.19	.319	.444	.763	7.73	2.49	9.30	3.10	16.69
Waechter, D 		4	2	63.1	3.69	29	26	7	1.33	.667	0.54	.315	.403	.718	6.54	2.98	8.95	2.19	15.43
Weathers, D 		4	6	69.1	3.25	27	25	6	1.53	.400	1.21	.353	.425	.778	5.97	3.89	9.87	1.53	17.28
Wright, W 		4	3	55.2	5.01	34	31	8	1.42	.571	0.97	.333	.400	.733	9.22	5.50	7.28	1.68	18.45
Acosta, M 		3	5	53.0	3.57	25	21	7	1.40	.375	1.76	.338	.407	.745	5.26	4.42	8.15	1.19	16.06
Albers, M 		3	3	49.0	3.49	21	19	4	1.33	.500	1.44	.325	.330	.655	4.78	4.04	7.90	1.18	16.04
Balester, C 		3	7	80.0	5.51	53	49	12	1.50	.300	0.85	.354	.473	.827	5.63	3.15	10.35	1.79	16.88
Banks, J 		3	6	85.1	4.75	47	45	12	1.48	.333	0.86	.354	.458	.813	4.54	3.38	9.91	1.34	15.40
Bennett, J 		3	7	97.1	3.70	44	40	5	1.37	.300	2.60	.339	.333	.672	6.29	4.35	7.95	1.45	16.52
Benoit, J 		3	2	45.0	5.00	28	25	6	1.67	.600	0.55	.362	.407	.769	8.60	7.00	8.00	1.23	18.93
Betancourt, R 		3	4	71.0	5.07	41	40	11	1.42	.429	0.53	.331	.458	.789	8.11	3.17	9.63	2.56	17.25
Boggs, M 		3	2	34.0	7.41	29	28	5	1.88	.600	1.70	.405	.514	.919	3.44	5.82	11.12	0.59	17.09
Bonderman, J 		3	4	71.1	4.29	39	34	9	1.56	.429	1.11	.360	.411	.771	5.55	4.54	9.46	1.22	16.67
Bonser, B 		3	7	118.1	5.93	87	78	16	1.48	.300	0.89	.333	.443	.775	7.38	2.74	10.57	2.69	16.34
Broxton, J 		3	5	69.0	3.13	29	24	2	1.17	.375	1.20	.298	.297	.595	11.48	3.52	7.04	3.26	17.10
Bruney, B 		3	0	34.1	1.83	7	7	2	0.99	1.000	0.73	.255	.237	.493	8.65	4.19	4.72	2.06	15.99
Camp, S 		3	1	39.1	4.12	18	18	2	1.30	.750	2.11	.319	.375	.694	7.09	2.52	9.15	2.82	15.41
Condrey, C 		3	4	69.0	3.26	26	25	6	1.51	.429	1.98	.351	.441	.792	4.43	2.48	11.09	1.79	14.65
Cormier, L 		3	3	71.2	4.02	36	32	4	1.56	.500	1.93	.355	.371	.727	5.78	4.27	9.80	1.35	17.39
Corpas, M 		3	4	79.2	4.52	41	40	7	1.46	.429	1.63	.347	.430	.777	5.65	2.60	10.51	2.17	15.20
Correia, K 		3	8	110.0	6.05	80	74	15	1.71	.273	0.87	.376	.481	.857	5.40	3.85	11.54	1.40	17.21
Duckworth, B 		3	3	38.0	4.50	20	19	2	1.50	.500	1.07	.359	.392	.751	4.74	4.50	9.00	1.05	17.11
Dumatrait, P 		3	4	78.2	5.26	48	46	7	1.58	.429	1.08	.360	.416	.776	5.95	4.81	9.38	1.24	17.58
Feliciano, P 		3	4	53.1	4.05	24	24	7	1.56	.429	1.73	.366	.424	.790	8.44	4.39	9.62	1.92	16.76
Figueroa, N 		3	3	45.1	4.57	26	23	3	1.63	.500	0.82	.364	.378	.741	7.15	5.16	9.53	1.38	17.78
Fossum, C 		3	1	41.1	5.66	26	26	4	1.50	.750	1.16	.363	.443	.806	6.10	3.92	9.58	1.56	16.57
Francisco, F 		3	5	63.1	3.13	24	22	7	1.15	.375	0.59	.277	.357	.634	11.79	3.69	6.68	3.19	17.83
Grilli, J 		3	3	75.0	3.00	27	25	2	1.40	.500	1.01	.332	.341	.673	8.28	4.56	8.04	1.82	17.37
Hampton, M 		3	4	78.0	4.85	45	42	10	1.42	.429	1.88	.344	.475	.818	4.38	3.23	9.58	1.36	15.33
Hawkins, L 		3	1	62.0	3.92	29	27	3	1.21	.750	1.18	.299	.327	.626	6.97	3.19	7.69	2.18	15.56
Heilman, A 		3	8	76.0	5.21	48	44	10	1.59	.273	1.07	.374	.419	.793	9.47	5.45	8.88	1.74	19.54
Herges, M 		3	4	64.1	5.04	40	36	5	1.60	.429	1.07	.369	.462	.830	6.44	3.36	11.05	1.92	16.24
Hoffman, T 		3	6	45.1	3.77	19	19	8	1.04	.333	0.71	.263	.394	.657	9.13	1.79	7.54	5.11	14.14
Jenks, B 		3	1	61.2	2.63	18	18	3	1.10	.750	1.96	.286	.333	.620	5.55	2.48	7.44	2.24	13.36
Julio, J 		3	0	30.0	3.60	12	12	3	1.53	1.000	1.08	.356	.400	.756	10.20	5.70	8.10	1.79	17.97
Kensing, L 		3	1	55.1	4.23	26	26	7	1.50	.750	0.59	.344	.383	.727	8.95	5.37	8.13	1.67	17.98
Lindstrom, M 		3	3	57.1	3.14	21	20	1	1.45	.500	1.31	.351	.336	.688	6.75	4.08	8.95	1.65	15.80
Lyon, B 		3	5	59.1	4.70	34	31	7	1.48	.375	0.86	.335	.458	.792	6.67	1.97	11.38	3.38	16.82
Marshall, S 		3	5	65.1	3.86	28	28	9	1.27	.375	0.99	.316	.424	.741	7.99	3.17	8.27	2.52	16.04
Mendoza, L 		3	8	63.1	8.67	74	61	7	1.93	.273	1.38	.405	.523	.928	4.97	3.55	13.78	1.40	18.49
Morrow, B 		3	4	64.2	3.34	26	24	10	1.14	.429	0.59	.280	.330	.611	10.44	4.73	5.57	2.21	17.35
Mujica, E 		3	2	38.2	6.75	29	29	5	1.45	.600	0.60	.339	.510	.849	6.28	2.33	10.71	2.70	15.98
Nelson, J 		3	1	54.0	2.00	16	12	5	1.19	.750	1.08	.291	.325	.616	10.00	3.67	7.00	2.73	17.31
Nippert, D 		3	5	71.2	6.40	52	51	10	1.80	.375	0.68	.385	.488	.873	6.91	4.65	11.55	1.49	19.19
Okajima, H 		3	2	62.0	2.61	18	18	6	1.16	.600	0.66	.283	.329	.612	8.71	3.34	7.11	2.61	16.81
Pena, R 		3	2	72.2	4.33	38	35	5	1.33	.600	1.26	.324	.425	.748	6.44	2.11	9.91	3.06	16.11
Perez, C 		3	3	41.2	3.46	18	16	5	1.34	.500	0.89	.324	.427	.751	9.07	4.75	7.34	1.91	18.29
Petit, Y 		3	5	56.1	4.31	29	27	12	1.05	.375	0.68	.267	.438	.704	6.71	2.24	7.19	3.00	15.20
Purcey, D 		3	6	65.0	5.54	41	40	9	1.48	.333	0.57	.348	.438	.787	8.03	4.02	9.28	2.00	17.17
Ramirez, R 		3	2	71.2	2.64	23	21	2	1.23	.600	1.25	.302	.288	.590	8.79	3.89	7.16	2.26	15.82
Rapada, C 		3	0	21.1	4.22	11	10	0	1.55	1.000	1.35	.366	.295	.660	6.33	5.91	8.02	1.07	16.59
Reyes, D 		3	0	46.1	2.33	12	12	4	1.19	1.000	2.09	.305	.353	.658	7.58	2.91	7.77	2.60	14.55
Reyes, J 		3	11	113.0	5.81	77	73	18	1.65	.214	1.57	.376	.501	.877	6.21	4.14	10.67	1.50	17.19
Rincon, J 		3	3	55.1	5.86	39	36	8	1.64	.500	0.90	.373	.458	.831	6.34	3.90	10.90	1.63	17.78
Romo, S 		3	1	34.0	2.12	13	8	3	0.71	.750	0.49	.211	.259	.470	8.74	2.12	4.24	4.13	14.47
Rupe, J 		3	1	89.1	5.14	52	51	8	1.56	.750	1.32	.382	.437	.819	5.34	4.63	9.37	1.15	16.88
Sherrill, G 		3	5	53.1	4.73	28	28	6	1.50	.375	0.55	.340	.368	.708	9.79	5.57	7.93	1.76	17.98
Smoltz, J 		3	2	28.0	2.57	8	8	2	1.18	.600	1.53	.282	.367	.649	11.57	2.57	8.04	4.50	16.11
Stetter, M 		3	1	25.1	3.20	9	9	2	1.30	.750	0.79	.343	.271	.613	11.01	6.75	4.97	1.63	17.96
Taschner, J 		3	2	48.0	4.88	27	26	5	1.69	.600	0.80	.371	.441	.812	7.31	4.50	10.69	1.63	19.00
Vargas, C 		3	2	37.0	4.62	20	19	4	1.19	.600	1.07	.309	.370	.679	4.86	2.68	8.03	1.82	15.24
Waters, C 		3	5	64.2	5.01	38	36	9	1.53	.375	1.33	.351	.457	.808	4.59	4.04	9.74	1.14	16.67
Wilson, B 		3	2	62.1	4.62	32	32	7	1.44	.600	1.63	.342	.390	.732	9.67	4.04	8.95	2.39	18.98
Yabu, K 		3	6	68.0	3.57	33	27	3	1.40	.333	1.32	.344	.332	.677	6.35	4.24	8.34	1.50	16.65
Ziegler, B 		3	0	59.2	1.06	8	7	2	1.16	1.000	3.26	.311	.327	.638	4.53	3.32	7.09	1.36	14.01
Adams, M 		2	3	65.1	2.48	18	18	7	1.04	.400	1.07	.265	.345	.609	10.19	2.62	6.75	3.89	15.60
Ayala, L 		2	10	75.2	5.71	53	48	9	1.45	.167	1.41	.344	.443	.788	5.95	2.85	10.23	2.08	16.64
Badenhop, B 		2	3	47.1	6.08	34	32	7	1.61	.400	1.86	.366	.447	.813	6.65	3.99	10.46	1.67	17.07
Beam, T 		2	2	45.2	4.14	21	21	6	1.38	.500	0.78	.333	.450	.784	4.73	3.94	8.47	1.20	15.55
Bergmann, J 		2	11	139.2	5.09	94	79	25	1.43	.154	0.59	.332	.479	.811	6.19	3.03	9.86	2.04	16.40
Bonine, E 		2	1	26.2	5.40	19	16	3	1.54	.667	1.92	.371	.500	.871	3.04	1.69	12.15	1.80	15.08
Boyer, B 		2	6	72.0	5.88	51	47	10	1.36	.250	1.06	.323	.452	.774	8.38	3.13	9.13	2.68	17.57
Bray, B 		2	2	47.0	2.87	19	15	4	1.57	.500	0.85	.354	.425	.779	10.34	4.60	9.57	2.25	17.11
Buchholz, C 		2	9	76.0	6.75	63	57	11	1.76	.182	1.35	.381	.463	.844	8.53	4.86	11.01	1.76	18.29
Byrdak, T 		2	1	55.1	3.90	24	24	10	1.34	.667	1.13	.323	.453	.777	7.64	4.72	7.32	1.62	16.88
Cabrera, F 		2	1	28.1	5.40	18	17	9	1.73	.667	0.43	.371	.566	.938	9.85	5.40	10.16	1.82	18.85
Capps, M 		2	3	53.2	3.02	20	18	5	0.97	.400	0.58	.260	.373	.633	6.54	0.84	7.88	7.80	13.60
Carlyle, B 		2	0	62.2	3.59	26	25	5	1.24	1.000	1.17	.310	.351	.661	8.47	3.73	7.47	2.27	16.12
Casilla, S 		2	1	50.1	3.93	22	22	5	1.59	.667	1.08	.367	.443	.810	7.69	3.58	10.73	2.15	17.70
Chacon, S 		2	3	85.2	5.04	52	48	16	1.51	.400	0.83	.354	.491	.845	5.57	4.31	9.25	1.29	16.45
Colome, J 		2	2	71.0	4.31	38	34	6	1.41	.500	0.68	.341	.354	.695	6.97	4.94	7.73	1.41	17.14
Davis, J 		2	4	34.0	5.29	24	20	2	1.62	.333	2.00	.387	.409	.796	3.44	4.50	10.06	0.76	15.88
Dohmann, S 		2	0	14.2	6.14	10	10	2	1.70	1.000	1.58	.379	.483	.862	7.36	4.30	11.05	1.71	17.73
Embree, A 		2	5	61.2	4.96	36	34	8	1.44	.286	1.03	.340	.429	.769	8.32	4.38	8.61	1.90	17.25
Espineli, G 		2	0	16.0	5.06	10	9	5	1.56	1.000	1.22	.362	.557	.920	4.50	4.50	9.56	1.00	18.06
Estes, S 		2	3	43.2	4.74	26	23	6	1.56	.400	1.92	.357	.438	.795	3.92	3.71	10.31	1.06	17.18
Falkenborg, B 		2	3	22.1	5.24	13	13	4	1.70	.400	2.20	.380	.443	.823	7.66	4.84	10.48	1.58	17.60
Farnsworth, K 		2	3	60.1	4.48	32	30	15	1.52	.400	0.72	.360	.547	.907	9.10	3.28	10.44	2.77	16.92
Fogg, J 		2	7	78.1	7.58	69	66	17	1.58	.222	0.86	.365	.539	.904	5.17	3.10	11.14	1.67	17.46
Gabbard, K 		2	3	56.0	4.82	36	30	5	1.84	.400	2.86	.398	.411	.809	5.30	6.27	10.29	0.85	18.32
Geary, G 		2	3	64.0	2.53	18	18	3	1.14	.400	0.99	.290	.281	.570	6.33	3.94	6.33	1.61	15.81
Geer, J 		2	1	27.0	2.67	8	8	2	1.41	.667	0.68	.325	.380	.704	5.33	3.00	9.67	1.78	17.41
Glavine, T 		2	4	63.1	5.54	40	39	11	1.64	.333	1.70	.383	.506	.890	5.26	5.26	9.52	1.00	17.27
Glover, G 		2	3	54.1	5.30	33	32	7	1.58	.400	0.87	.359	.466	.825	6.13	3.64	10.60	1.68	17.82
Hampson, J 		2	1	30.2	2.93	11	10	1	1.34	.667	0.89	.328	.351	.679	5.58	2.93	9.10	1.90	18.16
Hansen, C 		2	7	46.1	6.22	37	32	3	1.79	.222	1.56	.383	.324	.707	6.22	8.35	7.77	0.74	18.88
Hart, K 		2	2	27.2	6.51	24	20	2	2.06	.500	2.21	.426	.492	.917	7.48	5.86	12.69	1.28	20.86
Hinshaw, A 		2	1	39.2	3.40	16	15	5	1.51	.667	0.43	.360	.376	.736	10.66	6.58	7.03	1.62	18.73
Jackson, Z 		2	3	58.1	5.55	38	36	7	1.46	.400	1.53	.345	.443	.788	4.78	2.47	10.65	1.94	15.53
James, C 		2	5	29.2	9.10	30	30	10	1.89	.286	0.63	.415	.647	1.062	6.67	6.07	10.92	1.10	17.49
Johnson, J 		2	4	68.2	2.23	18	17	0	1.19	.333	2.02	.305	.235	.539	4.98	3.67	7.08	1.36	15.25
Karstens, J 		2	6	51.1	4.03	32	23	7	1.34	.250	0.96	.317	.458	.774	4.03	2.28	9.82	1.77	16.25
Korecky, B 		2	0	17.2	4.58	9	9	2	1.53	1.000	1.30	.365	.455	.819	3.06	4.08	9.68	0.75	15.85
Lidge, B 		2	0	69.1	1.95	17	15	2	1.23	1.000	1.21	.297	.269	.565	11.94	4.54	6.49	2.63	18.19
Lieber, J 		2	3	46.2	4.05	24	21	10	1.39	.400	0.93	.332	.549	.881	5.21	1.16	11.38	4.50	14.91
Lincoln, M 		2	5	70.1	4.48	37	35	10	1.28	.286	1.59	.316	.398	.714	7.29	3.07	8.45	2.38	16.15
Linebrink, S 		2	2	46.1	3.69	20	19	8	1.08	.500	0.83	.272	.406	.677	7.77	1.75	7.96	4.44	16.19
Logan, B 		2	3	42.1	5.95	31	28	7	1.68	.400	1.18	.369	.522	.891	8.93	2.98	12.12	3.00	18.09
Lopez, J 		2	0	59.1	2.43	18	16	4	1.35	1.000	2.63	.333	.366	.699	5.76	4.10	8.04	1.41	16.23
Marmol, C 		2	4	87.1	2.68	30	26	10	0.93	.333	0.56	.251	.257	.508	11.75	4.23	4.12	2.78	17.37
Masset, N 		2	0	62.0	3.92	32	27	7	1.56	1.000	2.23	.369	.448	.817	6.24	3.77	10.31	1.65	15.08
Mastny, T 		2	2	20.0	10.80	24	24	6	1.95	.500	0.68	.390	.591	.981	8.55	4.95	12.60	1.73	19.15
Mathis, D 		2	1	22.1	6.85	20	17	3	2.28	.667	1.11	.459	.577	1.037	3.63	5.64	14.91	0.64	20.51
McClellan, K 		2	7	75.2	4.04	37	34	7	1.39	.222	1.53	.335	.391	.727	7.02	3.09	9.40	2.27	16.55
Miller, T 		2	0	43.1	4.15	21	20	2	1.36	1.000	0.70	.339	.348	.687	9.14	4.15	8.10	2.20	16.55
Moseley, D 		2	4	50.1	6.79	38	38	6	1.79	.333	1.41	.390	.493	.883	6.62	3.58	12.52	1.85	17.50
Niemann, J 		2	2	16.0	5.06	12	9	3	1.63	.500	1.12	.365	.492	.857	7.88	4.50	10.13	1.75	17.44
Percival, T 		2	1	45.2	4.53	26	23	9	1.23	.667	0.32	.295	.405	.700	7.49	5.32	5.72	1.41	18.22
Pinto, R 		2	5	64.2	4.45	33	32	9	1.41	.286	1.26	.342	.365	.707	7.79	5.43	7.24	1.44	17.86
Proctor, S 		2	0	38.2	6.05	30	26	7	1.68	1.000	0.83	.355	.478	.833	10.71	5.59	9.54	1.92	19.14
Redman, M 		2	5	45.1	7.54	40	38	7	1.70	.286	1.70	.379	.527	.905	3.97	3.18	12.11	1.25	16.90
Reineke, C 		2	1	18.0	5.00	10	10	1	1.44	.667	0.38	.338	.344	.681	6.50	6.00	7.00	1.08	18.83
Reyes, A 		2	2	22.2	4.37	12	11	2	1.37	.500	0.74	.333	.386	.719	7.54	3.97	8.34	1.90	17.69
Reynolds, G 		2	8	62.0	8.13	58	56	14	1.76	.200	1.13	.390	.570	.959	3.19	3.77	12.05	0.85	16.03
Richard, C 		2	5	47.2	6.04	37	32	5	1.55	.286	1.58	.344	.458	.802	5.48	2.45	11.52	2.23	16.28
Ring, R 		2	1	22.1	8.46	25	21	2	1.88	.667	2.29	.400	.521	.921	6.45	4.03	12.90	1.60	18.04
Rodriguez, F 		2	3	68.1	2.24	21	17	4	1.29	.400	0.95	.314	.316	.630	10.14	4.48	7.11	2.26	17.22
Ryan, B 		2	4	58.0	2.95	21	19	4	1.28	.333	0.95	.317	.333	.650	9.00	4.34	7.14	2.07	18.72
Sanches, B 		2	0	11.0	7.36	10	9	2	1.91	1.000	1.40	.407	.511	.918	8.18	4.09	13.09	2.00	21.00
Sanchez, A 		2	5	51.2	5.57	35	32	7	1.57	.286	0.88	.367	.421	.788	8.71	4.70	9.41	1.85	17.19
Schoeneweis, S 		2	6	56.2	3.34	23	21	7	1.38	.250	1.51	.340	.410	.751	5.40	3.65	8.74	1.48	15.97
Shell, S 		2	2	50.0	2.16	14	12	5	1.08	.500	0.74	.283	.320	.603	7.38	3.60	6.12	2.05	16.28
Soria, J 		2	3	67.1	1.60	13	12	5	0.86	.400	0.99	.248	.255	.503	8.82	2.54	5.21	3.47	15.64
Speier, J 		2	8	68.0	5.03	41	38	15	1.41	.200	0.84	.339	.500	.839	7.41	3.57	9.13	2.07	17.43
Speier, R 		2	1	51.0	4.06	23	23	3	1.37	.667	1.70	.343	.372	.714	5.82	3.18	9.18	1.83	14.96
Springer, R 		2	1	50.1	2.32	14	13	4	1.13	.667	0.55	.286	.310	.595	8.05	3.22	6.97	2.50	16.97
Stults, E 		2	3	38.2	3.49	18	15	6	1.32	.400	0.76	.315	.417	.732	6.98	3.03	8.84	2.31	16.09
Tejeda, R 		2	2	45.1	3.97	23	20	4	1.13	.500	0.54	.280	.291	.571	8.93	4.76	5.36	1.88	17.47
Tomko, B 		2	7	70.0	6.30	51	49	11	1.44	.222	1.24	.330	.490	.820	6.30	2.31	10.67	2.72	17.76
Trachsel, S 		2	5	39.2	8.39	41	37	10	2.02	.286	1.13	.420	.600	1.020	3.63	6.13	12.03	0.59	18.33
Tucker, R 		2	3	37.0	8.27	34	34	8	1.86	.400	0.95	.401	.530	.931	6.81	5.59	11.19	1.22	19.19
Wade, C 		2	1	71.1	2.27	22	18	7	0.93	.667	1.01	.256	.328	.584	6.43	1.89	6.43	3.40	14.92
Wilson, C 		2	2	46.1	6.02	35	31	8	1.64	.500	1.46	.366	.475	.842	7.96	5.24	9.52	1.52	18.93
Aceves, A 		1	0	30.0	2.40	8	8	4	1.17	1.000	0.76	.292	.382	.673	4.80	3.00	7.50	1.60	15.40
Adenhart, N 		1	0	12.0	9.00	12	12	0	2.58	1.000	1.38	.492	.480	.972	3.00	9.75	13.50	0.31	19.83
Adkins, J 		1	0	3.2	2.45	1	1	1	1.91	1.000	0.50	.467	.583	1.050	7.36	7.36	9.82	1.00	18.27
Affeldt, J 		1	1	78.1	3.33	36	29	9	1.31	.500	2.18	.323	.410	.733	9.19	2.87	8.96	3.20	16.85
Arias, A 		1	1	21.2	4.15	10	10	1	1.52	.500	4.10	.368	.386	.754	5.40	4.15	9.55	1.30	16.52
Armas, T 		1	0	8.1	7.56	7	7	2	1.44	1.000	0.90	.333	.618	.951	6.48	1.08	11.88	6.00	16.44
Belisle, M 		1	4	29.2	7.28	27	24	4	1.79	.200	2.25	.376	.541	.917	4.25	1.82	14.26	2.33	17.43
Beltran, F 		1	0	13.0	4.85	7	7	3	1.46	1.000	2.00	.339	.500	.839	6.23	4.15	9.00	1.50	15.62
Blevins, J 		1	3	37.2	3.11	14	13	2	1.19	.250	0.81	.308	.331	.639	8.36	3.11	7.65	2.69	16.75
Borowski, J 		1	3	16.2	7.56	14	14	4	1.92	.250	0.41	.395	.583	.978	4.86	4.32	12.96	1.13	17.70
Bowden, M 		1	0	5.0	3.60	2	2	0	1.60	1.000	0.22	.364	.571	.935	5.40	1.80	12.60	3.00	18.20
Broadway, L 		1	0	14.0	7.07	11	11	4	1.79	1.000	2.18	.379	.623	1.002	4.50	3.21	12.86	1.40	16.71
Brown, A 		1	0	35.0	3.09	13	12	3	1.26	1.000	0.63	.308	.301	.609	7.20	5.40	5.91	1.33	16.66
Buckner, B 		1	0	14.0	3.21	5	5	3	1.43	1.000	0.94	.356	.519	.874	7.07	2.57	10.29	2.75	16.93
Burnett, S 		1	1	56.2	4.76	31	30	7	1.61	.500	1.68	.373	.443	.816	6.67	5.40	9.05	1.24	17.33
Carrasco, D 		1	0	38.2	3.96	17	17	2	1.14	1.000	1.59	.312	.299	.611	6.98	3.26	6.98	2.14	15.62
Cassel, J 		1	1	30.1	5.64	21	19	5	1.52	.500	1.38	.359	.525	.883	4.15	2.37	11.27	1.75	15.76
Castillo, A 		1	0	26.0	3.81	11	11	3	1.42	1.000	1.20	.364	.394	.758	7.96	3.46	9.35	2.30	17.88
Clippard, T 		1	1	10.1	4.35	5	5	2	1.84	.500	0.38	.396	.561	.957	6.97	6.10	10.45	1.14	18.39
Coffey, T 		1	0	26.2	4.39	13	13	4	1.46	1.000	2.67	.351	.471	.822	5.06	2.70	10.46	1.88	16.54
Coke, P 		1	0	14.2	0.61	1	1	0	0.68	1.000	1.31	.192	.200	.392	8.59	1.23	4.91	7.00	13.70
Corey, B 		1	3	45.0	6.80	34	34	8	1.44	.250	1.00	.333	.486	.820	4.40	2.40	10.60	1.83	16.93
Delcarmen, M 		1	2	74.1	3.27	28	27	5	1.12	.333	1.28	.284	.321	.605	8.72	3.39	6.66	2.57	17.21
DiFelice, M 		1	0	19.0	2.84	7	6	4	1.11	1.000	0.36	.269	.419	.688	9.47	1.89	8.05	5.00	17.53
DiNardo, L 		1	2	23.0	7.43	20	19	3	1.91	.333	2.33	.407	.439	.846	4.70	5.09	12.13	0.92	17.83
Dolsi, F 		1	5	47.2	3.97	21	21	3	1.64	.167	1.80	.372	.348	.719	5.48	5.29	9.44	1.04	17.39
Donnelly, B 		1	0	13.2	8.56	13	13	2	2.20	1.000	0.67	.441	.500	.941	5.27	6.59	13.17	0.80	18.51
Feierabend, R 		1	4	39.2	7.71	34	34	7	1.84	.200	0.93	.407	.590	.997	5.90	3.18	13.39	1.86	17.27
Flores, R 		1	0	25.2	5.26	16	15	2	2.10	1.000	1.40	.420	.463	.883	5.96	7.01	11.92	0.85	19.29
Frasor, J 		1	2	47.1	4.18	23	22	4	1.44	.333	0.87	.332	.347	.679	7.99	6.08	6.85	1.31	18.65
Fuentes, B 		1	5	62.2	2.73	22	19	3	1.10	.167	0.75	.277	.293	.569	11.78	3.16	6.75	3.73	17.89
Garcia, F 		1	1	15.0	4.20	8	7	3	1.13	.500	0.88	.295	.407	.702	7.20	3.60	6.60	2.00	13.93
Garcia, J 		1	1	16.0	5.63	10	10	4	1.38	.500	2.33	.333	.467	.800	4.50	4.50	7.88	1.00	16.69
German, F 		1	3	21.2	2.08	5	5	0	1.43	.250	0.71	.344	.311	.655	6.23	5.40	7.48	1.15	16.98
Giese, D 		1	3	43.1	3.53	22	17	3	1.22	.250	0.45	.290	.345	.636	6.02	2.91	8.10	2.07	16.75
Ginter, M 		1	3	21.0	5.14	12	12	3	1.33	.250	1.22	.326	.494	.820	5.14	1.29	10.71	4.00	15.10
Gonzalez, E 		1	3	48.0	6.00	34	32	8	1.65	.250	1.04	.378	.495	.873	6.00	3.94	10.88	1.52	17.73
Gonzalez, E 		1	0	3.1	10.80	4	4	0	1.80	1.000	2.00	.400	.615	1.015	2.70	5.40	10.80	0.50	16.20
Gonzalez, G 		1	4	34.0	7.68	34	29	9	1.68	.200	1.26	.373	.538	.911	9.00	6.62	8.47	1.36	21.06
Guevara, C 		1	0	12.1	5.84	9	8	2	1.78	1.000	0.65	.373	.429	.801	8.03	6.57	9.49	1.22	18.65
Hansack, D 		1	0	6.2	4.05	5	3	0	1.05	1.000	1.14	.269	.333	.603	6.75	1.35	8.10	5.00	14.40
Happ, J 		1	0	31.2	3.69	13	13	3	1.33	1.000	0.53	.316	.342	.658	7.39	3.98	7.96	1.86	17.24
Hennessey, B 		1	2	40.1	7.81	35	35	8	1.93	.333	0.57	.409	.602	1.012	4.69	3.35	14.06	1.40	18.15
Hensley, C 		1	2	39.0	5.31	27	23	2	1.56	.333	1.60	.360	.378	.738	6.00	5.77	8.31	1.04	16.05
Hernandez, F 		1	0	3.0	18.00	6	6	0	3.00	1.000	0.17	.526	.385	.911	6.00	15.00	12.00	0.40	27.00
Herrera, Y 		1	1	18.1	9.82	20	20	1	2.56	.500	1.65	.495	.573	1.068	4.91	5.89	17.18	0.83	19.69
Hill, R 		1	0	19.2	4.12	9	9	2	1.58	1.000	0.65	.360	.324	.683	6.86	8.24	5.95	0.83	18.05
Hill, S 		1	5	63.1	5.83	47	41	5	1.75	.167	1.73	.382	.496	.878	5.54	3.27	12.51	1.70	17.91
Hurley, E 		1	2	24.2	5.47	15	15	5	1.42	.333	0.34	.336	.515	.852	4.74	3.28	9.49	1.44	18.00
Isringhausen, J 		1	5	42.2	5.70	28	27	5	1.64	.167	1.79	.375	.436	.811	7.59	4.64	10.13	1.64	18.30
Johnson, J 		1	2	29.1	5.22	19	17	5	1.50	.333	2.24	.357	.504	.861	6.14	3.68	9.82	1.67	16.91
Knight, B 		1	0	12.0	5.25	7	7	0	1.75	1.000	1.27	.404	.319	.723	7.50	5.25	10.50	1.43	19.67
Lambert, C 		1	2	20.2	5.66	18	13	3	1.84	.333	0.78	.392	.533	.925	6.53	3.05	13.50	2.14	20.03
League, B 		1	2	33.0	2.18	9	8	2	1.30	.333	3.22	.329	.320	.648	6.27	4.09	7.64	1.53	15.15
LeBlanc, W 		1	3	21.1	8.02	19	19	7	2.06	.250	1.53	.427	.659	1.086	5.91	6.33	12.23	0.93	18.98
Loaiza, E 		1	2	27.0	5.33	17	16	4	1.19	.333	0.70	.284	.449	.733	3.33	1.67	9.00	2.00	14.15
Loe, K 		1	0	30.2	3.23	18	11	3	1.43	1.000	1.25	.328	.440	.768	5.87	2.35	10.57	2.50	16.37
Lowe, M 		1	5	63.2	5.37	44	38	6	1.76	.167	1.03	.387	.452	.838	7.77	4.81	11.03	1.62	19.30
Majewski, G 		1	0	40.0	6.53	31	29	6	1.90	1.000	1.56	.416	.548	.963	6.08	3.38	13.73	1.80	18.18
Manning, C 		1	3	42.0	5.14	25	24	8	1.57	.250	0.89	.353	.429	.782	7.93	6.64	7.50	1.19	18.76
Martis, S 		1	3	20.2	5.66	14	13	5	1.45	.250	0.82	.326	.494	.820	10.02	5.23	7.84	1.92	19.60
Matos, O 		1	2	20.2	4.79	17	11	3	1.69	.333	0.44	.371	.560	.931	6.97	3.92	11.32	1.78	16.35
McCarthy, B 		1	1	22.0	4.09	11	10	3	1.27	.500	0.44	.312	.427	.739	4.09	3.27	8.18	1.25	17.09
Medders, B 		1	0	19.2	4.58	11	10	2	1.42	1.000	0.96	.345	.375	.720	3.66	5.03	7.78	0.73	16.12
Mercker, K 		1	0	13.2	3.29	5	5	1	1.54	1.000	1.33	.368	.388	.756	3.95	5.27	8.56	0.75	16.61
Mock, G 		1	3	41.0	4.17	20	19	4	1.46	.250	1.11	.335	.374	.709	10.10	5.05	8.12	2.00	17.37
Morales, F 		1	2	25.1	6.39	18	18	2	1.78	.333	1.16	.390	.480	.869	3.20	6.04	9.95	0.53	19.11
Muniz, C 		1	1	23.1	5.40	14	14	4	1.33	.500	0.37	.330	.456	.786	6.17	2.70	9.26	2.29	16.63
Murray, A 		1	0	7.2	3.52	4	3	0	1.96	1.000	1.11	.395	.400	.795	5.87	3.52	14.09	1.67	19.04
Nathan, J 		1	2	67.2	1.33	13	10	5	0.90	.333	1.30	.242	.279	.521	9.84	2.39	5.72	4.11	15.83
Niese, J 		1	1	14.0	7.07	11	11	2	2.00	.500	1.38	.412	.533	.945	7.07	5.14	12.86	1.38	19.36
Nunez, V 		1	2	32.2	3.86	14	14	0	1.56	.333	1.09	.356	.358	.714	6.61	5.23	8.82	1.26	18.18
O'Connor, M 		1	1	9.0	13.00	13	13	3	2.44	.500	0.92	.478	.618	1.096	4.00	11.00	11.00	0.36	19.22
Ohlendorf, R 		1	4	62.2	6.46	49	45	10	1.87	.200	1.14	.395	.504	.898	7.04	4.45	12.35	1.58	17.31
Outman, J 		1	2	25.2	4.56	14	13	1	1.64	.333	0.93	.379	.481	.860	6.66	2.81	11.92	2.38	17.03
Parr, J 		1	0	22.1	4.84	13	12	4	1.70	1.000	0.50	.376	.576	.952	5.64	3.63	11.69	1.56	19.88
Parrish, J 		1	1	42.1	4.04	19	19	5	1.46	.500	0.92	.346	.454	.800	4.46	3.19	9.99	1.40	16.72
Peralta, J 		1	2	52.2	5.98	37	35	15	1.33	.333	0.75	.323	.544	.867	6.49	2.39	9.57	2.71	16.01
Ramirez, H 		1	4	37.1	4.34	20	18	1	1.45	.200	1.50	.339	.379	.718	3.13	2.17	10.85	1.44	16.26
Ramirez, R 		1	1	27.0	2.67	8	8	3	1.04	.500	1.07	.276	.280	.556	7.00	3.67	5.67	1.91	16.19
Richmond, S 		1	3	27.0	4.00	12	12	2	1.26	.250	0.82	.319	.491	.809	6.67	0.67	10.67	10.00	16.22
Ridgway, J 		1	0	9.2	3.72	4	4	3	0.83	1.000	2.50	.237	.472	.709	7.45	0.93	6.52	8.00	16.14
Riske, D 		1	2	42.1	5.31	25	25	6	1.70	.333	0.54	.373	.476	.849	5.74	5.31	9.99	1.08	17.60
Rosales, L 		1	1	30.0	4.20	15	14	2	1.57	.500	1.06	.356	.407	.762	5.40	4.50	9.60	1.20	16.50
Saarloos, K 		1	0	26.1	5.47	17	16	2	1.56	1.000	1.72	.350	.420	.770	4.10	1.37	12.65	3.00	15.34
Salas, M 		1	0	17.0	8.47	16	16	4	2.29	1.000	1.05	.471	.571	1.043	4.76	7.41	13.24	0.64	21.94
Samardzija, J 		1	0	27.2	2.28	12	7	0	1.41	1.000	1.03	.325	.274	.599	8.13	4.88	7.81	1.67	17.71
Seay, B 		1	2	56.1	4.47	28	28	4	1.49	.333	0.81	.354	.387	.741	9.27	3.99	9.43	2.32	17.40
Smith, C 		1	0	18.1	7.85	16	16	6	1.36	1.000	0.52	.325	.580	.904	6.38	3.44	8.84	1.86	16.58
Stokes, B 		1	0	33.1	3.51	13	13	5	1.29	1.000	1.03	.316	.432	.748	7.02	2.16	9.45	3.25	16.05
Tallet, B 		1	2	56.1	2.88	19	18	4	1.31	.333	1.12	.314	.350	.664	7.51	3.51	8.31	2.14	16.56
Tavarez, J 		1	5	54.2	5.10	42	31	5	1.85	.167	2.05	.397	.454	.851	8.40	4.61	12.02	1.82	18.80
Troncoso, R 		1	1	38.0	4.26	19	18	2	1.29	.500	3.00	.333	.384	.717	9.00	2.84	8.76	3.17	15.13
Valdez, M 		1	0	16.0	1.69	5	3	1	1.31	1.000	1.06	.338	.339	.677	7.31	3.94	7.88	1.86	16.94
Van Benschoten, J 		1	3	22.1	10.48	28	26	7	2.55	.250	2.13	.484	.663	1.147	8.46	8.06	14.91	1.05	21.72
van den Hurk, R 		1	1	14.0	7.71	12	12	1	2.14	.500	0.69	.444	.433	.878	12.86	6.43	12.86	2.00	23.64
Villarreal, O 		1	3	37.2	5.02	25	21	12	1.57	.250	1.09	.365	.585	.950	5.02	4.06	10.04	1.24	16.27
Villone, R 		1	2	50.0	4.68	27	26	4	1.64	.333	1.13	.370	.384	.754	9.00	6.66	8.10	1.35	19.42
Vizcaino, L 		1	2	46.0	5.28	28	27	10	1.46	.333	0.67	.337	.500	.837	9.59	3.72	9.39	2.58	17.80
Walker, J 		1	3	38.0	6.87	31	29	12	1.68	.250	0.60	.367	.613	.981	5.68	2.61	12.55	2.18	17.37
Walrond, L 		1	1	10.1	6.10	7	7	0	2.13	.500	3.00	.468	.447	.915	10.45	7.84	11.32	1.33	17.52
Wassermann, E 		1	2	19.2	7.78	19	17	0	2.08	.333	1.00	.433	.481	.914	4.12	6.41	12.36	0.64	19.12
Wells, K 		1	3	37.2	6.21	29	26	4	1.83	.250	2.24	.410	.426	.836	7.41	7.17	9.32	1.03	18.66
Westbrook, J 		1	2	34.2	3.12	13	12	5	1.15	.333	1.90	.295	.403	.698	4.93	1.82	8.57	2.71	14.54
Wuertz, M 		1	1	44.2	3.63	23	18	4	1.43	.500	1.56	.340	.400	.740	6.04	4.03	8.87	1.50	16.52
Yabuta, Y 		1	3	37.2	4.78	21	20	6	1.54	.250	1.37	.347	.470	.817	5.97	4.06	9.80	1.47	17.81
Accardo, J 		0	3	12.1	6.57	10	9	1	1.54	.000	1.00	.357	.500	.857	3.65	2.92	10.95	1.25	16.54
Albaladejo, J 		0	1	13.2	3.95	6	6	1	1.54	.000	1.60	.368	.471	.839	8.56	3.95	9.88	2.17	17.27
Aquino, G 		0	0	9.1	12.54	13	13	1	2.79	-	0.55	.528	.585	1.114	8.68	8.68	16.39	1.00	22.39
Ascanio, J 		0	0	5.2	7.94	5	5	1	2.12	-	0.75	.448	.609	1.057	4.76	6.35	12.71	0.75	21.00
Bailey, H 		0	6	36.1	7.93	36	32	8	2.09	.000	0.98	.434	.590	1.024	4.46	4.21	14.61	1.06	18.74
Bale, J 		0	3	26.2	4.39	13	13	1	1.31	.000	1.78	.327	.394	.721	4.73	2.03	9.79	2.33	13.65
Barthmaier, J 		0	2	10.1	10.45	12	12	3	2.32	.000	0.85	.462	.614	1.075	5.23	6.97	13.94	0.75	20.42
Bauer, R 		0	0	6.0	13.50	9	9	1	2.17	-	0.56	.433	.704	1.137	6.00	4.50	15.00	1.33	19.67
Bazardo, Y 		0	0	3.0	24.00	8	8	0	4.00	-	1.50	.600	.786	1.386	9.00	15.00	21.00	0.60	26.00
Benitez, A 		0	1	6.1	5.68	5	4	3	0.95	.000	0.57	.231	.583	.814	12.79	2.84	5.68	4.50	15.63
Bierd, R 		0	2	36.2	4.91	21	20	3	1.83	.000	0.77	.395	.474	.869	6.14	4.66	11.78	1.32	18.98
Birkins, K 		0	0	10.0	0.90	1	1	0	1.00	-	1.56	.270	.161	.432	6.30	4.50	4.50	1.40	13.10
Bootcheck, C 		0	1	16.0	10.13	18	18	2	2.63	.000	0.62	.467	.526	.992	7.88	6.75	16.88	1.17	21.06
Borkowski, D 		0	2	36.0	7.50	30	30	9	1.89	.000	1.05	.406	.600	1.006	6.00	3.50	13.50	1.71	18.61
Bowers, C 		0	0	6.2	13.50	10	10	2	2.40	-	1.60	.515	.808	1.323	6.75	6.75	14.85	1.00	20.10
Bowie, M 		0	1	8.0	9.00	8	8	1	1.75	.000	1.38	.395	.576	.970	5.63	3.38	12.38	1.67	18.63
Brazoban, Y 		0	0	3.0	6.00	2	2	0	2.33	-	0.40	.438	.538	.976	9.00	9.00	12.00	1.00	24.00
Breslow, C 		0	2	47.0	1.91	12	10	1	1.13	.000	0.81	.283	.232	.516	7.47	3.64	6.51	2.05	14.89
Britton, C 		0	0	23.0	5.09	13	13	4	1.70	-	0.41	.371	.570	.941	4.70	4.30	10.96	1.09	17.30
Bueno, F 		0	0	2.1	7.71	2	2	1	2.57	-	0.20	.462	.667	1.128	3.86	3.86	19.29	1.00	22.29
Bukvich, R 		0	0	5.1	6.75	4	4	2	2.81	-	1.20	.500	.708	1.208	8.44	10.13	15.19	0.83	21.75
Bulger, J 		0	0	16.0	7.31	13	13	3	1.50	-	0.87	.356	.500	.856	11.25	5.06	8.44	2.22	19.88
Bullington, B 		0	2	14.2	4.91	9	8	4	1.16	.000	1.46	.300	.536	.836	7.36	1.23	9.20	6.00	15.27
Burke, J 		0	1	1.0	9.00	1	1	0	1.00	.000	0.50	.250	.667	.917	0.00	0.00	9.00	-	18.00
Calero, K 		0	0	4.2	3.86	3	2	0	1.29	-	0.17	.300	.294	.594	13.50	5.79	5.79	2.33	18.21
Cameron, K 		0	0	10.0	3.60	9	4	0	1.60	-	1.27	.356	.368	.724	4.50	5.40	9.00	0.83	17.00
Capellan, J 		0	0	2.0	4.50	1	1	0	1.50	-	1.00	.333	.444	.778	9.00	0.00	13.50	-	17.50
Carpenter, C 		0	1	15.1	1.76	5	3	0	1.30	.000	2.00	.328	.339	.667	4.11	2.35	9.39	1.75	13.63
Carpenter, D 		0	0	1.0	0.00	0	0	0	2.00	-	1.00	.500	.333	.833	9.00	9.00	9.00	1.00	20.00
Chavez, J 		0	1	15.0	6.60	11	11	2	1.93	.000	1.42	.408	.492	.900	9.60	5.40	12.00	1.78	18.93
Cherry, R 		0	3	17.0	6.35	15	12	3	1.82	.000	0.95	.381	.492	.873	7.94	8.47	7.94	0.94	19.06
Chico, M 		0	6	48.0	6.19	34	33	10	1.67	.000	0.80	.377	.569	.946	5.81	3.19	11.81	1.82	17.52
Chulk, V 		0	3	31.2	4.83	18	17	6	1.29	.000	0.80	.312	.488	.800	4.55	2.27	9.38	2.00	17.05
Cordero, C 		0	0	4.1	2.08	1	1	0	2.08	-	0.33	.409	.368	.778	10.38	6.23	12.46	1.67	22.62
Cotts, N 		0	2	35.2	4.29	18	17	7	1.43	.000	0.76	.331	.455	.786	10.85	3.28	9.59	3.31	18.42
Cruceta, F 		0	3	11.2	5.40	8	7	2	1.97	.000	1.67	.426	.455	.880	8.49	7.71	10.03	1.10	17.57
De La Cruz, F 		0	0	9.0	18.00	20	18	2	2.89	-	2.43	.500	.675	1.175	4.00	11.00	15.00	0.36	23.11
De Los Santos, V 		0	1	8.0	5.63	5	5	1	2.13	.000	0.56	.425	.345	.770	11.25	12.38	6.75	0.91	22.25
Delgado, J 		0	0	2.0	4.50	1	1	0	2.00	-	2.00	.444	.167	.611	0.00	13.50	4.50	0.00	22.00
DeSalvo, M 		0	0	2.0	31.50	7	7	0	6.50	-	1.00	.722	.688	1.410	9.00	9.00	49.50	1.00	37.50
Dessens, E 		0	1	4.0	22.50	10	10	1	3.50	.000	0.67	.538	.850	1.388	4.50	9.00	22.50	0.50	25.00
Diaz, J 		0	0	1.0	0.00	1	0	0	2.00	-	0.00	.500	.333	.833	18.00	9.00	9.00	2.00	30.00
Dillard, T 		0	0	14.1	4.40	12	7	2	1.60	-	1.29	.354	.448	.802	3.14	3.77	10.67	0.83	16.81
Downs, S 		0	3	70.2	1.78	15	14	3	1.15	.000	3.33	.298	.291	.590	7.26	3.44	6.88	2.11	15.57
Ekstrom, M 		0	2	9.2	7.45	8	8	2	2.17	.000	2.14	.447	.525	.972	5.59	6.52	13.03	0.86	20.07
Elarton, S 		0	1	15.1	3.52	7	6	0	1.63	.000	1.31	.357	.328	.685	8.80	5.28	9.39	1.67	17.80
Elbert, S 		0	1	6.0	12.00	8	8	2	2.17	.000	1.50	.452	.615	1.067	12.00	6.00	13.50	2.00	21.83
Estrada, M 		0	0	12.2	7.82	13	11	4	1.74	-	1.07	.381	.571	.952	7.11	3.55	12.08	2.00	18.87
Foulke, K 		0	3	31.0	4.06	14	14	7	1.32	.000	0.51	.318	.491	.810	6.68	3.77	8.13	1.77	17.52
Fox, C 		0	1	3.1	5.40	2	2	1	1.50	.000	0.14	.385	.500	.885	2.70	8.10	5.40	0.33	22.80
Fukumori, K 		0	0	4.0	20.25	9	9	2	3.75	-	0.67	.577	.864	1.441	2.25	9.00	24.75	0.25	24.75
Fulchino, J 		0	1	14.0	9.00	15	14	2	2.07	.000	1.58	.417	.565	.981	7.71	5.14	13.50	1.50	19.93
Gallardo, Y 		0	0	24.0	1.88	5	5	3	1.25	-	0.96	.316	.407	.723	7.50	3.00	8.25	2.50	16.21
Gardner, L 		0	0	6.2	10.80	8	8	2	2.70	-	2.20	.486	.758	1.244	5.40	5.40	18.90	1.00	22.65
Germano, J 		0	3	43.2	5.98	31	29	8	1.53	.000	1.40	.354	.503	.857	3.50	2.68	11.13	1.31	15.92
Gobble, J 		0	2	31.2	8.81	31	31	5	1.96	.000	0.39	.403	.504	.906	7.67	6.54	11.08	1.17	20.15
Gonzalez, M 		0	3	33.2	4.28	21	16	6	1.19	.000	0.84	.291	.411	.702	11.76	3.74	6.95	3.14	18.24
Gordon, B 		0	0	4.0	2.25	1	1	0	1.00	-	0.22	.250	.313	.563	2.25	0.00	9.00	-	15.25
Gray, J 		0	0	4.2	7.71	4	4	1	1.93	-	1.00	.417	.636	1.053	7.71	1.93	15.43	4.00	18.86
Guzman, A 		0	0	9.2	5.59	6	6	1	1.45	-	0.73	.341	.410	.751	9.31	3.72	9.31	2.50	16.66
Haeger, C 		0	0	4.1	16.62	10	8	2	3.00	-	0.29	.536	.667	1.202	8.31	10.38	16.62	0.80	25.85
Hayhurst, D 		0	2	16.2	9.72	18	18	2	2.22	.000	1.50	.440	.541	.981	7.56	5.40	14.58	1.40	21.06
Henn, S 		0	0	9.1	7.71	8	8	1	2.14	-	0.46	.435	.405	.840	8.68	8.68	10.61	1.00	19.82
Hernandez, R 		0	3	19.1	8.38	19	18	4	2.22	.000	1.05	.443	.651	1.094	6.98	5.12	14.90	1.36	18.47
Herrera, D 		0	0	7.1	7.36	7	6	1	1.77	-	6.00	.429	.533	.962	9.82	3.68	12.27	2.67	19.77
Hinckley, M 		0	0	13.2	0.00	1	0	0	0.80	-	1.50	.245	.200	.445	5.93	1.98	5.27	3.00	14.20
Hirsh, J 		0	0	8.2	8.31	10	8	3	2.19	-	0.50	.413	.738	1.151	6.23	4.15	15.58	1.50	22.73
Hughes, P 		0	4	34.0	6.62	26	25	3	1.71	.000	0.86	.378	.467	.845	6.09	3.97	11.38	1.53	18.56
Humber, P 		0	0	11.2	4.63	6	6	4	1.37	-	1.42	.340	.545	.885	4.63	3.86	8.49	1.20	15.86
Hunter, T 		0	2	11.0	16.36	20	20	4	2.36	.000	0.63	.443	.702	1.144	7.36	2.45	18.82	3.00	19.55
Igawa, K 		0	1	4.0	13.50	6	6	0	3.25	.000	0.50	.542	.739	1.281	0.00	0.00	29.25	-	19.50
Jennings, J 		0	5	27.1	8.56	27	26	8	1.94	.000	1.37	.406	.588	.994	3.95	5.93	11.52	0.67	19.13
Jepsen, K 		0	1	8.1	4.32	5	4	0	1.44	.000	1.25	.333	.344	.677	7.56	4.32	8.64	1.75	17.88
Jimenez, C 		0	2	34.1	3.41	13	13	2	1.31	.000	1.00	.331	.355	.686	6.82	3.41	8.39	2.00	15.79
Jimenez, K 		0	0	24.0	5.63	15	15	5	1.79	-	1.58	.389	.521	.910	4.13	5.63	10.50	0.73	17.25
Kennedy, I 		0	4	39.2	8.17	37	36	5	1.92	.000	0.86	.399	.519	.917	6.13	5.90	11.34	1.04	19.94
King, R 		0	0	6.1	5.68	4	4	1	2.05	-	1.00	.438	.519	.956	1.42	5.68	12.79	0.25	18.79
Kinney, J 		0	0	7.0	0.00	0	0	0	0.57	-	3.33	.160	.167	.327	10.29	1.29	3.86	8.00	13.57
Kunz, E 		0	0	2.2	13.50	4	4	1	2.25	-	-	.538	.818	1.357	3.38	3.38	16.88	1.00	20.62
Ledezma, W 		0	2	58.1	4.17	29	27	4	1.58	.000	0.73	.363	.364	.727	8.18	6.33	7.87	1.29	19.32
Lewis, J 		0	4	66.0	3.82	29	28	8	1.44	.000	0.69	.345	.426	.771	7.09	3.68	9.27	1.93	17.79
Littleton, W 		0	0	18.0	6.00	12	12	1	1.44	-	1.93	.363	.338	.701	7.00	4.00	9.00	1.75	17.22
Loewen, A 		0	2	21.1	8.02	19	19	5	2.02	.000	1.00	.422	.537	.958	5.91	7.59	10.55	0.78	18.89
Loux, S 		0	0	16.0	2.81	6	5	1	1.13	-	4.00	.308	.377	.685	2.25	1.13	9.00	2.00	14.44
Lowery, D 		0	0	4.1	10.38	5	5	2	1.85	-	0.75	.381	.632	1.013	12.46	4.15	12.46	3.00	22.85
MacDougal, M 		0	0	17.0	2.12	4	4	0	1.65	-	1.29	.385	.313	.697	6.35	6.35	8.47	1.00	18.59
Madrigal, W 		0	2	36.0	4.75	22	19	4	1.39	.000	0.73	.327	.423	.750	5.50	3.50	9.00	1.57	17.25
McCrory, B 		0	0	6.1	15.63	12	11	0	2.84	-	1.80	.500	.407	.907	7.11	11.37	14.21	0.63	28.11
McDonald, J 		0	0	6.0	0.00	0	0	0	1.00	-	0.33	.261	.273	.534	3.00	1.50	7.50	2.00	15.83
Meek, E 		0	1	13.0	6.92	11	10	3	1.77	.000	3.13	.400	.522	.922	4.85	8.31	7.62	0.58	16.31
Meloan, J 		0	0	2.0	0.00	0	0	0	0.50	-	1.00	.167	.000	.167	9.00	4.50	0.00	2.00	13.00
Meredith, C 		0	3	70.1	4.09	34	32	6	1.46	.000	3.50	.347	.390	.736	6.27	3.07	10.11	2.04	15.20
Messenger, R 		0	0	12.2	3.55	5	5	1	1.66	-	0.53	.386	.412	.798	4.97	3.55	11.37	1.40	17.92
Meyer, D 		0	4	27.2	7.48	28	23	6	1.77	.000	0.47	.379	.583	.961	6.51	4.55	11.39	1.43	19.77
Mickolio, K 		0	1	7.2	5.87	5	5	0	1.57	.000	0.78	.343	.400	.743	9.39	4.70	9.39	2.00	19.04
Mijares, J 		0	1	10.1	0.87	1	1	0	0.29	.000	0.86	.088	.118	.206	4.35	0.00	2.61	-	12.48
Miles, A 		0	0	1.0	0.00	0	0	0	0.00	-	0.50	.000	.000	.000	0.00	0.00	0.00	-	10.00
Miller, J 		0	2	7.2	1.17	3	1	0	1.83	.000	1.67	.395	.355	.750	9.39	5.87	10.57	1.60	20.48
Misch, P 		0	3	52.1	5.68	34	33	11	1.36	.000	1.14	.326	.459	.785	6.54	2.58	9.63	2.53	15.63
Morillo, J 		0	0	1.0	0.00	0	0	0	1.00	-	0.50	.250	.500	.750	0.00	0.00	9.00	-	18.00
Morris, M 		0	4	22.1	9.67	31	24	6	2.15	.000	1.07	.431	.695	1.126	3.63	2.82	16.52	1.29	20.60
Motte, J 		0	0	11.0	0.82	2	1	0	0.73	-	0.89	.205	.139	.344	13.09	2.45	4.09	5.33	15.55
Moylan, P 		0	1	5.2	1.59	1	1	1	1.06	.000	3.33	.280	.348	.628	7.94	1.59	7.94	5.00	12.35
Mulder, M 		0	0	1.2	10.80	2	2	0	3.60	-	0.50	.583	.500	1.083	10.80	10.80	21.60	1.00	25.80
Musser, N 		0	0	1.0	0.00	0	0	0	1.00	-	-	.333	.000	.333	0.00	9.00	0.00	0.00	13.00
Neshek, P 		0	1	13.1	4.73	7	7	2	1.20	.000	0.67	.291	.460	.751	10.13	2.70	8.10	3.75	16.20
Newman, J 		0	0	15.2	8.62	18	15	4	2.36	-	0.86	.464	.638	1.102	4.60	6.89	14.36	0.67	21.26
Nieve, F 		0	1	10.2	8.44	10	10	2	1.78	.000	0.46	.388	.553	.941	10.13	1.69	14.34	6.00	19.12
Nomo, H 		0	0	4.1	18.69	9	9	3	3.23	-	1.00	.519	1.000	1.519	6.23	8.31	20.77	0.75	25.85
O'Day, D 		0	1	43.1	4.57	24	22	2	1.45	.000	1.81	.349	.370	.719	6.02	2.91	10.18	2.07	15.48
O'Flaherty, E 		0	1	6.2	20.25	15	15	2	3.00	.000	2.20	.524	.800	1.324	5.40	5.40	21.60	1.00	24.00
Palmer, M 		0	2	12.2	8.53	13	12	1	2.37	.000	1.43	.485	.451	.936	2.13	9.24	12.08	0.23	19.97
Parisi, M 		0	4	23.0	8.22	24	21	2	2.26	.000	1.00	.441	.539	.980	5.09	5.87	14.48	0.87	19.91
Parnell, B 		0	0	5.0	5.40	3	3	0	1.00	-	1.40	.263	.176	.440	5.40	3.60	5.40	1.50	18.60
Paronto, C 		0	1	10.1	4.35	5	5	2	1.26	.000	2.00	.325	.579	.904	3.48	1.74	9.58	2.00	15.10
Patterson, S 		0	0	4.2	1.93	1	1	0	1.71	-	1.33	.364	.250	.614	13.50	11.57	3.86	1.17	23.14
Pauley, D 		0	1	12.1	11.68	17	16	2	2.27	.000	1.45	.433	.600	1.033	8.03	3.65	16.78	2.20	21.57
Peguero, J 		0	0	9.1	4.82	6	5	0	1.39	-	1.20	.378	.375	.753	4.82	3.86	8.68	1.25	15.43
Pena, T 		0	0	1.0	0.00	0	0	0	0.00	-	1.00	.000	.000	.000	9.00	0.00	0.00	-	12.00
Pettyjohn, A 		0	1	4.0	20.25	9	9	2	3.25	.000	0.22	.538	.826	1.365	2.25	4.50	24.75	0.50	23.00
Pignatiello, C 		0	0	0.2	13.50	1	1	0	6.00	-	-	.714	.750	1.464	0.00	27.00	27.00	0.00	43.50
Price, D 		0	0	14.0	1.93	4	3	1	0.93	-	1.00	.246	.255	.501	7.71	2.57	5.79	3.00	16.86
Ramirez, E 		0	1	2.2	30.38	9	9	1	3.75	.000	0.17	.579	.750	1.329	3.38	6.75	27.00	0.50	26.25
Register, S 		0	0	10.0	9.00	10	10	4	1.90	-	0.69	.388	.667	1.054	7.20	5.40	11.70	1.33	18.70
Resop, C 		0	1	18.1	5.89	12	12	2	1.42	.000	1.47	.350	.418	.768	6.38	4.91	7.85	1.30	18.00
Rincon, R 		0	0	4.0	4.50	2	2	1	1.25	-	0.14	.313	.533	.846	6.75	2.25	9.00	3.00	15.25
Robertson, C 		0	1	7.0	5.14	4	4	1	1.43	.000	0.73	.355	.500	.855	2.57	2.57	10.29	1.00	16.57
Rodney, F 		0	6	40.1	4.91	22	22	3	1.59	.000	1.15	.358	.375	.733	10.93	6.69	7.59	1.63	19.24
Roenicke, J 		0	0	3.0	9.00	3	3	0	2.67	-	0.00	.500	.667	1.167	18.00	6.00	18.00	3.00	20.67
Rosa, C 		0	0	3.1	2.70	1	1	0	0.90	-	0.00	.250	.417	.667	8.10	0.00	8.10	-	15.30
Rundles, R 		0	0	5.0	1.80	1	1	0	1.60	-	1.25	.364	.316	.679	10.80	5.40	9.00	2.00	19.80
Ryu, J 		0	0	1.1	0.00	0	0	0	0.75	-	-	.200	.000	.200	6.75	6.75	0.00	1.00	19.50
Sadler, B 		0	1	44.1	4.06	21	20	6	1.38	.000	0.68	.354	.373	.727	8.53	5.48	6.90	1.56	17.71
Salas, J 		0	0	6.1	7.11	5	5	0	1.42	-	0.25	.333	.348	.681	11.37	5.68	7.11	2.00	19.26
Sanchez, H 		0	0	2.0	4.50	1	1	0	1.50	-	4.00	.375	.167	.542	4.50	9.00	4.50	0.50	14.50
Sanchez, R 		0	0	13.1	4.05	6	6	0	1.50	-	1.31	.368	.396	.764	2.03	4.05	9.45	0.50	16.20
Scherzer, M 		0	4	56.0	3.05	24	19	5	1.23	.000	1.22	.318	.332	.649	10.61	3.38	7.71	3.14	16.70
Schroder, C 		0	0	5.0	5.40	3	3	2	2.40	-	0.71	.462	.600	1.062	5.40	10.80	10.80	0.50	22.20
Serrano, A 		0	0	1.0	0.00	0	0	0	1.00	-	-	.250	.500	.750	9.00	0.00	9.00	-	10.00
Simon, A 		0	0	13.0	6.23	10	9	4	1.38	-	2.56	.339	.611	.950	5.54	1.38	11.08	4.00	15.92
Slaten, D 		0	3	32.1	4.73	20	17	4	1.45	.000	1.03	.349	.441	.790	5.57	3.90	9.19	1.43	15.99
Slocum, B 		0	0	2.0	27.00	6	6	2	4.00	-	0.00	.600	1.154	1.754	4.50	0.00	36.00	-	25.00
Snyder, K 		0	0	1.2	21.60	4	4	1	2.40	-	1.00	.500	.833	1.333	5.40	10.80	10.80	0.50	16.20
Soriano, R 		0	1	14.0	2.57	5	4	1	1.14	.000	0.39	.298	.277	.575	10.29	5.79	4.50	1.78	16.71
Speigner, L 		0	1	8.0	11.25	10	10	1	2.38	.000	3.20	.525	.563	1.088	1.13	6.75	14.63	0.17	19.75
Stockman, P 		0	0	7.1	0.00	0	0	0	0.82	-	0.86	.250	.174	.424	11.05	4.91	2.45	2.25	17.59
Sturtze, T 		0	0	2.1	0.00	0	0	0	0.86	-	0.20	.222	.250	.472	3.86	3.86	3.86	1.00	16.71
Swindle, R 		0	0	4.2	7.71	4	4	2	2.36	-	0.13	.458	.682	1.140	7.71	3.86	17.36	2.00	20.57
Talbot, M 		0	0	9.2	11.17	12	12	3	2.79	-	1.30	.519	.714	1.233	4.66	10.24	14.90	0.45	21.72
Tankersley, T 		0	1	17.2	8.15	16	16	6	1.70	.000	0.48	.373	.622	.995	6.62	4.08	11.21	1.63	20.66
Taubenheim, T 		0	0	6.0	3.00	2	2	0	1.67	-	0.30	.370	.391	.762	6.00	4.50	10.50	1.33	16.83
Thatcher, J 		0	4	25.2	8.42	25	24	4	2.14	.000	1.36	.437	.582	1.018	5.96	4.56	14.73	1.31	19.87
Thomas, J 		0	1	4.0	6.75	3	3	0	2.75	.000	0.13	.524	.579	1.103	4.50	4.50	20.25	1.00	20.75
Thompson, D 		0	2	14.1	6.91	11	11	3	1.88	.000	0.76	.406	.541	.947	3.77	4.40	12.56	0.86	19.88
Thompson, R 		0	0	2.0	22.50	5	5	0	3.00	-	-	.500	.600	1.100	4.50	9.00	18.00	0.50	27.50
Threets, E 		0	1	10.0	3.60	4	4	1	2.00	.000	0.77	.469	.486	.956	5.40	8.10	9.90	0.67	17.80
Traber, B 		0	0	16.2	7.02	13	13	3	1.80	-	1.31	.400	.493	.893	5.94	3.78	12.42	1.57	17.22
Turnbow, D 		0	1	6.1	15.63	11	11	1	3.95	.000	1.80	.605	.655	1.260	7.11	18.47	17.05	0.38	27.00
Wagner, B 		0	1	47.0	2.30	17	12	4	0.89	.000	0.72	.228	.289	.517	9.96	1.91	6.13	5.20	14.96
Wells, J 		0	0	8.1	8.64	8	8	2	2.16	-	1.10	.429	.514	.943	5.40	7.56	11.88	0.71	20.64
Wells, R 		0	0	5.1	0.00	0	0	0	0.56	-	2.00	.167	.000	.167	1.69	5.06	0.00	0.33	10.13
White, B 		0	0	4.0	20.25	9	9	1	4.50	-	0.57	.600	.737	1.337	2.25	24.75	15.75	0.09	30.50
Willis, D 		0	2	24.0	9.38	25	25	4	2.21	.000	1.00	.443	.442	.884	6.75	13.13	6.75	0.51	21.83
Wise, M 		0	1	7.0	6.43	5	5	2	1.86	.000	1.14	.382	.581	.963	7.71	3.86	12.86	2.00	19.29
Wolfe, B 		0	2	22.0	2.45	6	6	2	1.09	.000	1.32	.286	.377	.662	5.73	2.45	7.36	2.33	14.27
Woods, J 		0	0	19.0	6.16	13	13	5	1.74	-	0.57	.391	.573	.964	4.26	5.21	10.42	0.82	18.84
Worrell, M 		0	1	5.2	7.94	5	5	1	2.12	.000	1.60	.462	.591	1.052	6.35	6.35	12.71	1.00	20.82
Zink, C 		0	0	4.1	16.62	8	8	0	2.77	-	0.71	.480	.625	1.105	2.08	2.08	22.85	1.00	19.38
Zumaya, J 		0	2	23.1	3.47	13	9	3	1.97	.000	0.81	.404	.451	.854	8.49	8.49	9.26	1.00	19.46
