Gonzalez, G 		21	8	199.1	2.89	69	64	9	1.13	.724	1.24	.283	.299	.582	9.35	3.43	6.73	2.72	16.04
Dickey, R 		20	6	233.2	2.73	78	71	24	1.05	.769	1.23	.278	.362	.640	8.86	2.08	7.40	4.26	14.38
Price, D 		20	5	211.0	2.56	63	60	16	1.10	.800	1.43	.284	.318	.602	8.74	2.52	7.38	3.47	15.79
Weaver, J 		20	5	188.2	2.81	63	59	20	1.02	.800	0.74	.265	.340	.605	6.77	2.15	7.01	3.16	15.15
Cueto, J 		19	9	217.0	2.78	73	67	15	1.17	.679	1.26	.302	.366	.667	7.05	2.03	8.50	3.47	15.89
Harrison, M 		18	11	213.1	3.29	82	78	22	1.26	.621	1.32	.309	.406	.714	5.61	2.49	8.86	2.25	15.22
Lynn, L 		18	7	176.0	3.78	76	74	16	1.32	.720	1.10	.327	.401	.728	9.20	3.27	8.59	2.81	17.06
Hamels, C 		17	6	215.1	3.05	80	73	24	1.12	.739	1.00	.285	.377	.661	9.03	2.17	7.94	4.15	15.40
Sale, C 		17	8	192.0	3.05	66	65	19	1.14	.680	1.05	.291	.370	.660	9.00	2.39	7.83	3.76	15.72
Verlander, J 		17	8	238.1	2.64	81	70	19	1.06	.680	1.00	.270	.331	.601	9.03	2.27	7.25	3.98	15.81
Bumgarner, M 		16	11	208.1	3.37	87	78	23	1.11	.593	1.24	.284	.386	.670	8.25	2.12	7.91	3.90	15.69
Burnett, A 		16	10	202.1	3.51	86	79	18	1.24	.615	2.00	.307	.361	.668	8.01	2.76	8.41	2.90	15.03
Cain, M 		16	5	219.1	2.79	73	68	21	1.04	.762	0.78	.274	.361	.635	7.92	2.09	7.26	3.78	15.25
Darvish, Y 		16	9	191.1	3.90	89	83	14	1.28	.640	1.21	.313	.346	.659	10.40	4.19	7.34	2.48	16.55
Gallardo, Y 		16	9	204.0	3.66	86	83	26	1.30	.640	1.27	.313	.392	.706	9.00	3.57	8.16	2.52	17.06
Hudson, T 		16	7	179.0	3.62	77	72	12	1.21	.696	1.71	.304	.361	.666	5.13	2.41	8.45	2.13	14.65
Hughes, P 		16	13	191.1	4.19	101	89	35	1.26	.552	0.52	.305	.460	.765	7.76	2.16	9.22	3.59	16.82
Kuroda, H 		16	11	219.2	3.32	86	81	25	1.17	.593	1.54	.299	.406	.705	6.84	2.09	8.40	3.27	15.16
Lohse, K 		16	3	211.0	2.86	74	67	19	1.09	.842	0.95	.274	.368	.642	6.10	1.62	8.19	3.76	14.82
Miley, W 		16	11	194.2	3.33	79	72	14	1.18	.593	1.06	.290	.395	.685	6.66	1.71	8.92	3.89	15.42
Scherzer, M 		16	7	187.2	3.74	82	78	23	1.27	.696	0.70	.312	.409	.721	11.08	2.88	8.58	3.85	17.47
Greinke, Z 		15	5	212.1	3.48	84	82	18	1.20	.750	1.38	.297	.366	.663	8.48	2.29	8.48	3.70	15.93
Kennedy, I 		15	12	208.1	4.02	101	93	28	1.30	.556	0.86	.322	.453	.775	8.08	2.38	9.33	3.40	16.22
Sabathia, C 		15	6	200.0	3.38	89	75	22	1.14	.714	1.31	.285	.381	.666	8.87	1.98	8.28	4.48	15.14
Shields, J 		15	10	227.2	3.52	103	89	25	1.17	.600	1.50	.295	.383	.678	8.82	2.29	8.22	3.84	15.89
Strasburg, S 		15	6	159.1	3.16	62	56	15	1.15	.714	1.11	.291	.359	.649	11.13	2.71	7.68	4.10	16.36
Zito, B 		15	8	184.1	4.15	91	85	20	1.39	.652	0.84	.332	.426	.758	5.57	3.42	9.08	1.63	16.63
Kershaw, C 		14	9	227.2	2.53	70	64	16	1.02	.609	1.22	.270	.323	.593	9.05	2.49	6.72	3.63	15.23
Latos, M 		14	4	209.1	3.48	87	81	25	1.16	.778	1.17	.291	.390	.681	7.95	2.75	7.70	2.89	15.63
Richard, C 		14	14	218.2	3.99	110	97	31	1.23	.500	1.57	.304	.435	.739	4.40	1.73	9.38	2.55	14.48
Vargas, J 		14	11	217.1	3.85	94	93	35	1.18	.560	0.94	.293	.421	.714	5.84	2.28	8.32	2.56	15.43
Vogelsong, R 		14	9	189.2	3.37	76	71	17	1.23	.609	0.92	.309	.379	.688	7.50	2.94	8.11	2.55	16.11
Wainwright, A 		14	13	198.2	3.94	96	87	15	1.25	.519	1.49	.309	.392	.701	8.34	2.36	8.88	3.54	15.56
Bailey, H 		13	10	208.0	3.68	97	85	26	1.24	.565	1.03	.306	.412	.718	7.27	2.25	8.91	3.23	16.03
Buehrle, M 		13	13	202.1	3.74	88	84	26	1.17	.500	1.09	.296	.414	.710	5.56	1.78	8.76	3.13	15.13
Cahill, T 		13	12	200.0	3.78	93	84	16	1.29	.520	2.39	.325	.380	.706	7.02	3.33	8.28	2.11	15.86
Hanson, T 		13	10	174.2	4.48	95	87	27	1.45	.565	0.89	.344	.464	.808	8.30	3.66	9.43	2.27	16.69
Hernandez, F 		13	9	232.0	3.06	84	79	14	1.14	.591	1.20	.296	.333	.629	8.65	2.17	8.11	3.98	14.74
Maholm, P 		13	11	189.0	3.67	80	77	20	1.22	.542	1.42	.311	.404	.714	6.67	2.52	8.48	2.64	15.72
Milone, T 		13	10	190.0	3.74	90	79	24	1.28	.565	0.79	.313	.424	.738	6.49	1.71	9.81	3.81	15.96
Niese, J 		13	9	190.1	3.40	77	72	22	1.17	.591	1.27	.291	.372	.663	7.33	2.32	8.23	3.16	15.91
Parker, J 		13	8	181.1	3.47	71	70	11	1.26	.619	1.12	.312	.358	.670	6.95	3.13	8.24	2.22	15.61
Westbrook, J 		13	11	174.2	3.97	85	77	12	1.39	.542	2.13	.338	.391	.729	5.46	2.68	9.84	2.04	15.33
Wilson, C 		13	10	202.1	3.83	102	86	19	1.34	.565	1.31	.323	.361	.684	7.70	4.05	8.05	1.90	17.01
Arroyo, B 		12	10	202.0	3.74	86	84	26	1.21	.545	0.89	.301	.421	.721	5.75	1.56	9.31	3.69	14.64
Capuano, C 		12	12	198.1	3.72	91	82	25	1.22	.500	0.89	.305	.410	.715	7.35	2.45	8.53	3.00	15.01
Chen, W 		12	11	192.2	4.02	97	86	29	1.26	.522	0.75	.305	.424	.729	7.19	2.66	8.69	2.70	16.28
Correia, K 		12	11	171.0	4.21	89	80	20	1.30	.522	1.52	.315	.418	.733	4.68	2.42	9.26	1.93	15.00
Dempster, R 		12	8	173.0	3.38	71	65	19	1.20	.600	1.08	.294	.384	.677	7.96	2.71	8.06	2.94	15.89
Diamond, S 		12	9	173.0	3.54	76	68	17	1.24	.571	1.66	.308	.423	.731	4.68	1.61	9.57	2.90	14.57
Floyd, G 		12	11	168.0	4.29	84	80	22	1.36	.522	1.16	.337	.418	.755	7.71	3.38	8.89	2.29	16.42
Haren, D 		12	13	176.2	4.33	95	85	28	1.29	.480	0.93	.312	.463	.775	7.23	1.94	9.68	3.74	16.13
Holland, D 		12	7	175.1	4.67	100	91	32	1.22	.632	0.93	.299	.446	.745	7.44	2.67	8.32	2.79	15.72
McDonald, J 		12	8	171.0	4.21	85	80	21	1.26	.600	0.88	.311	.404	.715	7.95	3.63	7.74	2.19	16.39
Nolasco, R 		12	13	191.0	4.48	100	95	18	1.37	.480	1.14	.331	.423	.755	5.89	2.21	10.08	2.66	15.56
Nova, I 		12	8	170.1	5.02	100	95	28	1.47	.600	1.12	.349	.511	.860	8.08	2.96	10.25	2.73	15.80
Rodriguez, W 		12	13	205.2	3.76	99	86	21	1.27	.480	1.23	.304	.391	.695	6.08	2.45	8.97	2.48	15.58
Zimmermann, J 		12	8	195.2	2.94	69	64	18	1.17	.600	1.03	.297	.388	.686	7.04	1.98	8.56	3.56	15.79
Beavan, B 		11	11	152.1	4.43	76	75	23	1.26	.500	0.69	.317	.475	.792	3.96	1.42	9.93	2.79	15.12
Buchholz, C 		11	8	189.1	4.56	104	96	25	1.33	.579	1.26	.330	.426	.757	6.13	3.04	8.89	2.02	15.32
Chen, B 		11	14	191.2	5.07	114	108	33	1.37	.440	0.59	.328	.486	.813	6.57	2.21	10.10	2.98	16.66
Cobb, A 		11	9	136.1	4.03	67	61	11	1.25	.550	2.05	.316	.374	.690	7.00	2.64	8.58	2.65	15.91
Doubront, F 		11	10	161.0	4.86	95	87	24	1.45	.524	1.12	.337	.438	.775	9.34	3.97	9.06	2.35	17.81
Halladay, R 		11	8	156.1	4.49	78	78	18	1.22	.579	1.03	.306	.407	.713	7.60	2.07	8.92	3.67	15.28
Harrell, L 		11	11	193.2	3.76	90	81	13	1.36	.500	1.98	.322	.363	.685	6.51	3.62	8.60	1.79	16.46
Kendrick, K 		11	12	159.1	3.90	76	69	20	1.27	.478	1.18	.315	.416	.731	6.55	2.77	8.70	2.37	15.76
Masterson, J 		11	15	206.1	4.93	122	113	18	1.45	.423	1.86	.348	.388	.736	6.94	3.84	9.25	1.81	16.60
Minor, M 		11	10	179.1	4.12	88	82	26	1.15	.524	0.69	.294	.407	.702	7.28	2.81	7.58	2.59	15.96
Moore, M 		11	11	177.1	3.81	85	75	18	1.35	.500	0.69	.326	.380	.706	8.88	4.11	8.02	2.16	17.05
Peavy, J 		11	12	219.0	3.37	88	82	27	1.10	.478	0.70	.284	.387	.671	7.97	2.01	7.85	3.96	15.92
Volquez, E 		11	11	182.2	4.14	88	84	14	1.45	.500	1.41	.344	.362	.706	8.57	5.17	7.88	1.66	17.63
Billingsley, C 		10	9	149.2	3.55	66	59	11	1.29	.526	1.25	.315	.410	.726	7.70	2.71	8.90	2.84	15.91
Blanton, J 		10	13	191.0	4.71	106	100	29	1.26	.435	1.19	.306	.453	.759	7.82	1.60	9.75	4.88	15.32
Colon, B 		10	9	152.1	3.43	62	58	17	1.21	.526	1.00	.292	.400	.692	5.38	1.36	9.51	3.96	14.05
Detwiler, R 		10	8	164.1	3.40	75	62	15	1.22	.556	1.22	.304	.377	.681	5.75	2.85	8.16	2.02	15.46
Fister, D 		10	10	161.2	3.45	73	62	15	1.19	.500	1.56	.299	.385	.683	7.63	2.06	8.68	3.70	15.57
Happ, J 		10	11	144.2	4.79	79	77	19	1.40	.476	1.11	.332	.455	.787	8.96	3.48	9.15	2.57	17.54
Harang, A 		10	10	179.2	3.61	85	72	14	1.40	.500	0.87	.329	.382	.711	6.56	4.26	8.37	1.54	17.23
Hellickson, J 		10	11	177.0	3.10	68	61	25	1.25	.476	0.94	.307	.402	.710	6.31	3.00	8.29	2.10	16.92
Jackson, E 		10	11	189.2	4.03	90	85	23	1.22	.476	1.27	.298	.421	.719	7.97	2.75	8.21	2.90	15.65
Lincecum, T 		10	15	186.0	5.18	111	107	23	1.47	.400	1.26	.341	.426	.767	9.19	4.35	8.85	2.11	17.74
Medlen, K 		10	1	138.0	1.57	26	24	6	0.91	.909	1.36	.243	.286	.529	7.83	1.50	6.72	5.22	13.66
Morrow, B 		10	7	124.2	2.96	45	41	12	1.11	.588	0.83	.280	.354	.635	7.80	2.96	7.07	2.63	15.80
Porcello, R 		10	12	176.1	4.59	101	90	16	1.53	.455	1.74	.353	.455	.808	5.46	2.25	11.53	2.43	16.04
Alvarez, H 		9	14	187.1	4.85	110	101	29	1.44	.391	2.05	.339	.473	.812	3.80	2.59	10.38	1.46	15.29
Fiers, M 		9	10	127.2	3.74	56	53	12	1.26	.474	0.65	.305	.389	.694	9.52	2.54	8.81	3.75	16.86
Gonzalez, M 		9	4	105.1	3.25	38	38	13	1.21	.692	0.67	.305	.389	.694	6.58	2.99	7.86	2.20	16.01
Iwakuma, H 		9	5	125.1	3.16	49	44	17	1.28	.643	1.52	.315	.403	.718	7.25	3.09	8.40	2.35	15.29
Jimenez, U 		9	17	176.2	5.40	116	106	25	1.61	.346	0.81	.365	.452	.817	7.28	4.84	9.68	1.51	17.68
Lester, J 		9	14	205.1	4.82	117	110	25	1.38	.391	1.43	.331	.442	.773	7.28	2.98	9.47	2.44	16.68
Lowe, D 		9	11	142.2	5.11	88	81	10	1.62	.450	2.11	.367	.429	.796	3.47	3.22	11.36	1.08	16.39
Romero, R 		9	14	181.0	5.77	122	116	21	1.67	.391	1.67	.381	.440	.820	6.17	5.22	9.85	1.18	17.04
Samardzija, J 		9	13	174.2	3.81	79	74	20	1.22	.409	1.10	.302	.396	.698	9.27	2.89	8.09	3.21	15.84
Sanchez, A 		9	13	195.2	3.86	95	84	20	1.27	.409	1.12	.310	.405	.716	7.68	2.21	9.20	3.48	15.62
Santana, E 		9	13	178.0	5.16	109	102	39	1.27	.409	1.00	.308	.465	.774	6.72	3.08	8.34	2.18	16.06
Saunders, J 		9	13	174.2	4.07	88	79	21	1.34	.409	0.91	.320	.435	.755	5.77	2.01	10.05	2.87	15.51
Tillman, C 		9	3	86.0	2.93	38	28	12	1.05	.750	0.64	.263	.376	.639	6.91	2.51	6.91	2.75	16.72
Belisario, R 		8	1	71.0	2.54	22	20	3	1.07	.889	3.03	.281	.278	.558	8.75	3.68	5.96	2.38	15.14
Brothers, R 		8	2	67.2	3.86	33	29	5	1.48	.800	1.09	.346	.386	.732	11.04	4.92	8.38	2.24	17.14
Guthrie, J 		8	12	181.2	4.76	109	96	30	1.41	.400	0.94	.340	.483	.822	5.00	2.48	10.21	2.02	16.08
Hammel, J 		8	6	118.0	3.43	48	45	9	1.24	.571	1.47	.302	.335	.637	8.62	3.20	7.93	2.69	16.37
Hochevar, L 		8	16	185.1	5.73	127	118	27	1.42	.333	1.09	.347	.471	.818	6.99	2.96	9.81	2.36	16.22
Johnson, J 		8	14	191.1	3.81	84	81	14	1.28	.364	1.09	.315	.363	.678	7.76	3.06	8.47	2.54	16.44
Jones, N 		8	0	71.2	2.39	19	19	4	1.38	1.000	1.13	.334	.351	.686	8.16	4.02	8.41	2.03	16.30
Leake, M 		8	9	179.0	4.58	97	91	26	1.35	.471	1.48	.326	.479	.805	5.83	2.06	10.11	2.83	15.16
Marquis, J 		8	11	127.2	5.22	86	74	23	1.47	.421	1.67	.346	.497	.843	6.42	2.96	10.29	2.17	16.03
McCarthy, B 		8	6	111.0	3.24	44	40	10	1.25	.571	0.96	.313	.393	.706	5.92	1.95	9.32	3.04	14.88
Mendoza, L 		8	10	166.0	4.23	84	78	15	1.42	.444	1.33	.348	.411	.759	5.64	3.20	9.54	1.76	15.25
Stults, E 		8	3	99.0	2.91	38	32	7	1.20	.727	0.94	.300	.368	.667	5.00	2.45	8.36	2.04	15.36
Beckett, J 		7	14	170.1	4.65	91	88	21	1.33	.333	0.92	.319	.423	.741	6.97	2.75	9.19	2.54	15.44
Bedard, E 		7	14	125.2	5.01	76	70	14	1.47	.333	1.04	.341	.418	.758	8.45	4.01	9.24	2.11	16.98
Casilla, S 		7	6	63.1	2.84	24	20	8	1.22	.538	1.94	.293	.363	.656	7.82	3.13	7.82	2.50	15.81
Garcia, F 		7	6	107.1	5.20	64	62	18	1.37	.538	0.88	.328	.455	.784	7.46	2.93	9.39	2.54	16.46
Garcia, J 		7	7	121.2	3.92	58	53	7	1.36	.500	1.79	.327	.402	.730	7.25	2.22	10.06	3.27	14.44
Griffin, A 		7	1	82.1	3.06	29	28	10	1.13	.875	0.70	.280	.350	.630	7.00	2.08	8.09	3.37	17.26
Holland, G 		7	4	67.0	2.96	22	22	2	1.37	.636	0.89	.323	.331	.653	12.22	4.57	7.79	2.68	17.24
Hunter, T 		7	8	133.2	5.45	85	81	32	1.41	.467	1.24	.337	.527	.864	5.18	1.82	10.84	2.85	15.55
Logan, B 		7	2	55.1	3.74	23	23	6	1.37	.778	0.66	.328	.390	.718	11.06	4.55	7.81	2.43	17.22
Marcum, S 		7	4	124.0	3.70	57	51	16	1.27	.636	0.75	.309	.411	.720	7.91	2.98	8.42	2.66	16.69
Norris, B 		7	13	168.1	4.65	90	87	23	1.37	.350	0.81	.329	.423	.752	8.82	3.53	8.82	2.50	16.75
O'Day, D 		7	1	67.0	2.28	17	17	6	0.94	.875	0.73	.254	.360	.613	9.27	1.88	6.58	4.93	15.03
Russell, J 		7	1	69.1	3.25	28	25	5	1.30	.875	0.85	.314	.418	.732	7.14	2.99	8.70	2.39	17.08
Smith, J 		7	4	67.0	2.96	27	22	4	1.16	.636	1.96	.289	.305	.594	7.12	3.36	7.12	2.12	16.21
Villanueva, C 		7	7	125.1	4.16	59	58	23	1.27	.500	0.77	.312	.446	.758	8.76	3.30	8.11	2.65	16.07
Zambrano, C 		7	10	132.1	4.49	75	66	9	1.50	.412	1.20	.356	.358	.715	6.46	5.10	8.37	1.27	17.34
Arredondo, J 		6	2	61.0	2.95	26	20	7	1.38	.750	1.07	.326	.378	.704	9.15	5.02	7.38	1.82	17.87
Blackley, T 		6	4	107.2	4.10	53	49	10	1.21	.600	1.09	.302	.392	.694	5.93	2.67	8.19	2.22	15.43
Cook, R 		6	2	73.1	2.09	18	17	4	0.94	.750	1.14	.256	.261	.517	9.82	3.31	5.15	2.96	15.50
Corbin, P 		6	8	107.0	4.54	56	54	14	1.33	.429	1.13	.323	.459	.782	7.23	2.10	9.84	3.44	14.93
Deduno, S 		6	5	79.0	4.44	40	39	10	1.54	.545	2.02	.367	.392	.759	6.49	6.04	7.86	1.08	16.90
Feldman, S 		6	11	123.2	5.09	79	70	14	1.38	.353	1.00	.321	.424	.745	6.99	2.33	10.12	3.00	17.03
Francis, J 		6	7	113.0	5.58	71	70	15	1.48	.462	1.46	.356	.490	.846	6.05	1.75	11.55	3.45	16.44
Gee, D 		6	7	109.2	4.10	56	50	12	1.25	.462	1.41	.311	.386	.697	7.96	2.38	8.86	3.34	15.98
Gray, J 		6	1	52.0	5.71	34	33	9	1.54	.857	0.97	.356	.478	.834	4.50	3.81	10.04	1.18	16.25
Lee, C 		6	9	211.0	3.16	79	74	26	1.11	.400	1.07	.278	.411	.690	8.83	1.19	8.83	7.39	14.69
Lewis, C 		6	6	105.0	3.43	48	40	16	1.08	.500	0.62	.279	.436	.715	7.97	1.20	8.49	6.64	15.50
Liriano, F 		6	12	156.2	5.34	97	93	19	1.47	.333	1.05	.344	.397	.741	9.59	5.00	8.21	1.92	17.33
Loe, K 		6	5	68.1	4.61	41	35	9	1.43	.545	2.42	.339	.447	.786	7.24	2.63	10.27	2.75	15.75
Lopez, W 		6	3	66.1	2.17	18	16	4	1.04	.667	1.76	.277	.348	.626	7.33	1.09	8.28	6.75	14.04
Matusz, B 		6	10	98.0	4.87	61	53	15	1.56	.375	0.88	.349	.468	.817	7.44	3.77	10.29	1.98	17.37
McAllister, Z 		6	8	125.1	4.24	78	59	19	1.36	.429	0.88	.318	.449	.767	7.90	2.73	9.55	2.89	16.91
Millwood, K 		6	12	161.0	4.25	86	76	13	1.39	.333	1.04	.332	.397	.729	5.98	3.13	9.39	1.91	16.12
Quintana, J 		6	6	136.1	3.76	62	57	14	1.35	.500	1.21	.332	.422	.754	5.35	2.77	9.37	1.93	15.89
Ross, R 		6	0	65.0	2.22	21	16	3	1.20	1.000	2.07	.303	.321	.624	6.51	3.18	7.62	2.04	16.46
Santana, J 		6	9	117.0	4.85	65	63	17	1.33	.400	0.61	.315	.435	.750	8.54	3.00	9.00	2.85	16.58
Smith, W 		6	9	89.2	5.32	54	53	12	1.61	.400	0.88	.368	.485	.853	5.92	3.31	11.14	1.79	15.74
Stammen, C 		6	1	88.1	2.34	27	23	7	1.20	.857	1.19	.296	.340	.636	8.86	3.67	7.13	2.42	15.69
Williams, J 		6	8	137.2	4.58	73	70	17	1.26	.429	1.63	.313	.430	.743	6.41	2.29	9.09	2.80	14.78
Wood, T 		6	13	156.0	4.27	80	74	25	1.20	.316	0.71	.305	.441	.745	6.87	3.12	7.67	2.20	16.02
Worley, V 		6	9	133.0	4.20	69	62	12	1.51	.400	1.26	.359	.447	.806	7.24	3.18	10.42	2.28	16.48
Ziegler, B 		6	1	68.2	2.49	21	19	2	1.09	.857	6.63	.291	.287	.578	5.50	2.75	7.08	2.00	13.54
Adams, M 		5	3	52.1	3.27	21	19	4	1.39	.625	1.06	.333	.385	.718	7.74	2.92	9.63	2.65	16.53
Axford, J 		5	8	69.1	4.67	42	36	10	1.44	.385	1.35	.330	.387	.717	12.07	5.06	7.92	2.38	20.26
Ayala, L 		5	5	75.0	2.64	27	22	7	1.27	.500	1.27	.311	.406	.717	6.12	1.68	9.72	3.64	16.08
Bard, D 		5	6	59.1	6.22	42	41	9	1.74	.455	1.06	.404	.448	.852	5.76	6.52	9.10	0.88	17.61
Beachy, B 		5	5	81.0	2.00	24	18	6	0.96	.500	0.83	.248	.259	.507	7.56	3.22	5.44	2.34	16.43
Benoit, J 		5	3	71.0	3.68	31	29	14	1.14	.625	0.88	.288	.432	.720	10.65	2.79	7.48	3.82	17.03
Blevins, J 		5	1	65.1	2.48	20	18	7	1.07	.833	0.81	.293	.344	.637	7.44	3.44	6.20	2.16	15.63
Britton, Z 		5	3	60.1	5.07	37	34	6	1.54	.625	2.13	.352	.404	.756	7.91	4.77	9.10	1.66	17.72
Chapman, A 		5	5	71.2	1.51	13	12	4	0.81	.500	0.70	.225	.226	.450	15.32	2.89	4.40	5.30	16.79
Chatwood, T 		5	6	64.2	5.43	43	39	9	1.65	.455	2.11	.369	.467	.836	5.71	4.59	10.30	1.24	18.03
Cishek, S 		5	2	63.2	2.69	26	19	3	1.30	.714	1.46	.327	.336	.663	9.61	4.10	7.63	2.34	17.31
Collins, T 		5	4	69.2	3.36	29	26	8	1.28	.556	0.95	.312	.380	.692	12.01	4.39	7.11	2.74	17.64
Collmenter, J 		5	3	90.1	3.69	39	37	13	1.26	.625	0.81	.308	.434	.742	7.97	2.19	9.17	3.64	16.61
De Vries, C 		5	5	87.2	4.11	48	40	16	1.21	.500	0.57	.296	.438	.735	5.95	1.85	9.03	3.22	16.78
Dotel, O 		5	3	58.0	3.57	23	23	3	1.07	.625	0.79	.272	.346	.617	9.62	1.86	7.76	5.17	15.78
Estrada, M 		5	7	138.1	3.64	62	56	18	1.14	.417	0.61	.285	.419	.703	9.30	1.89	8.39	4.93	16.24
Friedrich, C 		5	8	84.2	6.17	61	58	14	1.56	.385	1.06	.361	.499	.860	7.87	3.19	10.84	2.47	16.46
Frieri, E 		5	2	66.0	2.32	20	17	9	0.98	.714	0.39	.269	.287	.556	13.36	4.09	4.77	3.27	18.17
Furbush, C 		5	2	46.1	2.72	15	14	3	0.95	.714	0.98	.256	.273	.529	10.29	3.11	5.44	3.31	16.08
Garza, M 		5	7	103.2	3.91	48	45	15	1.18	.417	1.27	.301	.393	.693	8.33	2.78	7.81	3.00	16.39
Gomez, J 		5	8	90.2	5.96	66	60	15	1.42	.385	1.36	.338	.471	.810	4.67	3.38	9.43	1.38	16.10
Hanrahan, J 		5	2	59.2	2.72	18	18	8	1.27	.714	0.75	.307	.341	.648	10.11	5.43	6.03	1.86	16.96
Humber, P 		5	5	102.0	6.44	74	73	23	1.54	.500	0.64	.349	.496	.846	7.50	3.88	9.97	1.93	17.32
Hutchison, D 		5	3	58.2	4.60	31	30	8	1.35	.625	1.14	.328	.430	.759	7.52	3.07	9.05	2.45	16.82
Jansen, K 		5	3	65.0	2.35	18	17	6	0.85	.625	0.51	.230	.274	.504	13.71	3.05	4.57	4.50	16.17
Karstens, J 		5	4	90.2	3.97	41	40	8	1.15	.556	0.86	.288	.379	.667	6.55	1.49	8.83	4.40	14.48
Kelly, J 		5	7	107.0	3.53	50	42	10	1.38	.417	1.41	.333	.407	.740	6.31	3.03	9.42	2.08	15.84
Lilly, T 		5	1	48.2	3.14	23	17	3	1.13	.833	0.81	.285	.299	.584	5.73	3.51	6.66	1.63	14.53
Lincoln, B 		5	2	88.0	3.68	37	36	14	1.18	.714	1.01	.293	.434	.727	9.00	2.45	8.18	3.67	15.03
Lyles, J 		5	12	141.1	5.09	97	80	20	1.42	.294	1.62	.332	.440	.772	6.30	2.67	10.13	2.36	16.73
Marshall, S 		5	5	61.0	2.51	18	17	3	1.16	.500	1.51	.289	.308	.597	10.92	2.36	8.11	4.63	16.51
Martinez, C 		5	4	73.2	3.91	33	32	6	1.34	.556	1.19	.319	.426	.745	7.94	2.32	9.77	3.42	16.00
Mattheus, R 		5	3	66.1	2.85	22	21	8	1.15	.625	1.34	.300	.409	.710	5.56	2.58	7.73	2.16	15.26
McGee, J 		5	2	55.1	1.95	13	12	3	0.80	.714	0.90	.213	.239	.452	11.87	1.79	5.37	6.64	16.63
Ondrusek, L 		5	2	54.2	3.46	23	21	8	1.50	.714	0.89	.351	.401	.752	6.42	5.10	8.40	1.26	16.92
Ottavino, A 		5	1	79.0	4.56	42	40	9	1.39	.833	1.33	.330	.387	.717	9.23	3.87	8.66	2.38	17.08
Papelbon, J 		5	6	70.0	2.44	22	19	8	1.06	.455	0.84	.278	.344	.621	11.83	2.31	7.20	5.11	16.40
Parnell, B 		5	4	68.2	2.49	24	19	4	1.24	.556	2.53	.303	.345	.648	8.00	2.62	8.52	3.05	16.38
Pettitte, A 		5	4	75.1	2.87	26	24	8	1.14	.556	1.51	.286	.346	.632	8.24	2.51	7.77	3.29	15.01
Strop, P 		5	2	66.1	2.44	18	18	2	1.34	.714	2.47	.330	.283	.613	7.87	5.02	7.06	1.57	16.64
Tomlin, J 		5	8	103.1	6.36	74	73	18	1.46	.385	1.03	.342	.518	.860	4.88	2.18	10.97	2.24	15.58
Torres, C 		5	3	53.0	5.26	31	31	2	1.42	.625	1.16	.351	.372	.723	7.13	4.42	8.32	1.62	16.94
Venters, J 		5	4	58.2	3.22	23	21	6	1.52	.556	2.81	.363	.376	.739	10.59	4.30	9.36	2.46	16.40
Veras, J 		5	4	67.0	3.63	29	27	5	1.51	.556	0.93	.344	.349	.694	10.61	5.37	8.19	1.98	19.42
Watson, T 		5	2	53.1	3.38	21	20	5	1.13	.714	0.91	.286	.337	.623	8.94	3.88	6.24	2.30	16.24
Wolf, R 		5	10	157.2	5.65	103	99	23	1.57	.333	1.11	.370	.510	.880	5.94	2.97	11.19	2.00	17.19
Wright, J 		5	3	67.2	3.72	35	28	2	1.51	.625	3.56	.350	.326	.676	7.18	3.99	9.58	1.80	16.49
Anderson, B 		4	2	35.0	2.57	11	10	1	1.03	.667	2.50	.270	.295	.565	6.43	1.80	7.46	3.57	15.06
Bell, H 		4	5	63.2	5.09	38	36	5	1.55	.444	1.16	.357	.423	.780	8.34	4.10	9.90	2.03	18.61
Blackburn, N 		4	9	98.2	7.39	81	81	23	1.71	.308	0.98	.374	.584	.959	3.83	2.37	13.04	1.62	16.50
Boggs, M 		4	1	73.1	2.21	20	18	5	1.05	.800	1.49	.279	.291	.570	7.12	2.58	6.87	2.76	14.69
Broxton, J 		4	5	58.0	2.48	18	16	2	1.26	.444	1.66	.322	.353	.676	6.98	2.64	8.69	2.65	16.16
Burnett, A 		4	4	71.2	3.52	33	28	4	1.35	.500	1.14	.326	.341	.666	4.52	3.27	8.92	1.38	15.92
Cook, A 		4	11	94.0	5.65	68	59	15	1.47	.267	2.32	.340	.499	.839	1.91	2.01	11.20	0.95	14.39
Delabar, S 		4	3	66.0	3.82	29	28	12	1.09	.571	1.14	.284	.403	.687	12.55	3.55	6.27	3.54	17.30
Delgado, R 		4	9	92.2	4.37	48	45	8	1.41	.308	1.38	.341	.386	.727	7.38	4.08	8.64	1.81	17.44
Drabek, K 		4	7	71.1	4.67	41	37	10	1.60	.364	1.72	.363	.448	.811	5.93	5.93	8.45	1.00	18.29
Duensing, B 		4	12	109.0	5.12	71	62	10	1.40	.250	1.14	.330	.429	.759	5.70	2.23	10.40	2.56	15.65
Durbin, C 		4	1	61.0	3.10	25	21	9	1.31	.800	1.13	.314	.396	.709	7.23	4.13	7.67	1.75	16.33
Eovaldi, N 		4	13	119.1	4.30	59	57	10	1.51	.235	1.10	.349	.422	.771	5.88	3.54	10.03	1.66	17.30
Gaudin, C 		4	2	69.1	4.54	39	35	6	1.41	.667	0.95	.344	.411	.754	7.40	3.38	9.35	2.19	16.64
Gorzelanny, T 		4	2	72.0	2.88	27	23	7	1.32	.667	1.16	.320	.398	.718	7.75	3.75	8.13	2.07	16.06
Hefner, J 		4	7	93.2	5.09	55	53	9	1.37	.364	1.14	.322	.446	.768	5.96	1.73	10.57	3.44	16.10
Hensley, C 		4	5	50.2	4.62	30	26	5	1.58	.444	1.27	.361	.387	.747	7.46	5.33	8.88	1.40	17.72
Hernandez, L 		4	1	67.1	6.42	48	48	15	1.49	.800	0.96	.354	.536	.890	6.42	2.14	11.23	3.00	16.50
Herrera, K 		4	3	84.1	2.35	24	22	4	1.19	.571	1.66	.301	.342	.643	8.22	2.24	8.43	3.67	15.31
Johnson, S 		4	0	38.1	2.11	9	9	4	1.07	1.000	0.45	.273	.288	.561	10.80	4.23	5.40	2.56	17.50
Laffey, A 		4	6	100.2	4.56	56	51	17	1.36	.400	1.34	.333	.444	.777	4.29	3.31	8.94	1.30	15.48
Lannan, J 		4	1	32.2	4.13	15	15	0	1.44	.800	2.17	.364	.361	.725	4.68	3.86	9.09	1.21	15.58
Lyon, B 		4	2	61.0	3.10	21	21	5	1.25	.667	0.73	.307	.352	.659	9.30	2.95	8.26	3.15	16.05
Mazzaro, V 		4	3	44.0	5.73	29	28	3	1.68	.571	1.11	.391	.405	.795	5.32	3.89	11.25	1.37	16.18
Motte, J 		4	5	72.0	2.75	23	22	9	0.92	.444	0.92	.245	.331	.576	10.75	2.13	6.13	5.06	15.63
Norberto, J 		4	1	52.0	2.77	17	16	5	1.13	.800	0.93	.284	.330	.614	7.96	3.81	6.40	2.09	17.00
Ohlendorf, R 		4	4	48.2	7.77	44	42	7	1.77	.500	0.53	.380	.505	.885	7.21	4.44	11.47	1.63	18.60
Oswalt, R 		4	3	59.0	5.80	41	38	11	1.53	.571	1.24	.356	.547	.903	9.00	1.68	12.05	5.36	16.97
Padilla, V 		4	1	50.0	4.50	26	25	7	1.48	.800	1.05	.355	.490	.845	9.18	2.70	10.62	3.40	17.00
Phelps, D 		4	4	99.2	3.34	38	37	14	1.19	.500	0.95	.305	.377	.682	8.67	3.43	7.31	2.53	16.84
Richards, G 		4	3	71.0	4.69	46	37	7	1.56	.571	1.04	.361	.433	.793	5.96	4.31	9.76	1.38	16.79
Roenicke, J 		4	2	88.2	3.25	40	32	9	1.44	.667	1.46	.345	.409	.753	5.48	4.36	8.63	1.26	16.29
Romo, S 		4	2	55.1	1.79	11	11	5	0.85	.667	1.37	.235	.290	.525	10.25	1.63	6.02	6.30	14.57
Santiago, H 		4	1	70.1	3.33	26	26	10	1.34	.800	0.73	.332	.348	.680	10.11	5.12	6.91	1.98	19.36
Sheets, B 		4	4	49.1	3.47	21	19	6	1.32	.500	1.04	.325	.450	.775	6.39	2.37	9.49	2.69	15.57
Smyly, D 		4	3	99.1	3.99	49	44	12	1.27	.571	0.87	.309	.423	.732	8.52	2.99	8.43	2.85	17.60
Thornton, M 		4	10	65.0	3.46	27	25	4	1.23	.286	1.60	.313	.371	.685	7.34	2.35	8.72	3.12	15.69
Webb, R 		4	3	60.1	4.03	30	27	2	1.52	.571	1.50	.356	.393	.749	6.56	2.98	10.74	2.20	16.89
Wilhelmsen, T 		4	3	79.1	2.50	24	22	5	1.11	.571	1.04	.277	.301	.578	9.87	3.29	6.69	3.00	15.38
Young, C 		4	9	115.0	4.15	58	53	16	1.35	.308	0.34	.324	.459	.784	6.26	2.82	9.31	2.22	16.06
Albers, M 		3	1	60.1	2.39	21	16	9	1.13	.750	1.82	.292	.350	.642	6.56	3.28	6.86	2.00	14.83
Arrieta, J 		3	9	114.2	6.20	82	79	16	1.37	.250	1.10	.329	.434	.763	8.56	2.75	9.58	3.11	17.06
Badenhop, B 		3	2	62.1	3.03	24	21	6	1.20	.600	1.82	.292	.395	.687	6.06	1.73	9.10	3.50	14.73
Balfour, G 		3	2	74.2	2.53	21	21	4	0.92	.600	0.63	.242	.253	.495	8.68	3.38	4.94	2.57	16.92
Belisle, M 		3	8	80.0	3.71	36	33	5	1.36	.273	1.35	.326	.396	.722	7.76	2.03	10.24	3.83	16.01
Breslow, C 		3	0	63.1	2.70	22	19	5	1.17	1.000	1.00	.295	.351	.645	8.67	3.13	7.39	2.77	16.85
Burton, J 		3	2	62.0	2.18	21	15	5	0.92	.600	1.10	.255	.294	.549	7.98	2.32	5.95	3.44	15.15
Camp, S 		3	6	77.2	3.59	32	31	7	1.29	.333	1.25	.307	.413	.719	6.26	2.43	9.15	2.57	15.30
Cashner, A 		3	4	46.1	4.27	23	22	5	1.32	.429	1.48	.321	.366	.688	10.10	3.69	8.16	2.74	17.09
Chacin, J 		3	5	69.0	4.43	35	34	10	1.62	.375	0.91	.364	.457	.821	5.87	4.17	10.43	1.41	16.81
Cordero, F 		3	8	39.1	7.55	35	33	9	2.01	.273	1.00	.431	.589	1.020	7.09	4.12	13.96	1.72	19.07
Crow, A 		3	1	64.2	3.48	27	25	4	1.18	.750	1.27	.297	.303	.601	9.05	3.06	7.52	2.95	14.92
Danks, J 		3	4	53.2	5.70	35	34	7	1.49	.429	0.95	.345	.445	.790	5.03	3.86	9.56	1.30	15.54
Davis, W 		3	0	70.1	2.43	20	19	5	1.09	1.000	0.79	.271	.299	.570	11.13	3.71	6.14	3.00	17.57
Feliz, N 		3	1	42.2	3.16	15	15	5	1.20	.750	0.63	.303	.320	.623	7.80	4.85	5.91	1.61	17.27
Gonzalez, E 		3	1	25.0	5.04	14	14	3	1.24	.750	1.07	.298	.427	.725	6.48	2.88	8.28	2.25	17.04
Gregg, K 		3	2	43.2	4.95	26	24	6	1.69	.600	1.00	.385	.453	.838	7.63	4.95	10.31	1.54	18.57
Harvey, M 		3	5	59.1	2.73	19	18	5	1.15	.375	0.89	.293	.338	.631	10.62	3.94	6.37	2.69	16.48
Hudson, D 		3	2	45.1	7.35	37	37	9	1.63	.600	0.90	.370	.540	.910	7.35	2.38	12.31	3.08	17.67
Huff, D 		3	1	26.2	3.38	14	10	5	1.31	.750	0.55	.316	.477	.792	6.41	1.69	10.13	3.80	16.20
Isringhausen, J 		3	2	45.2	4.14	22	21	7	1.38	.600	1.26	.320	.423	.743	6.11	3.74	8.67	1.63	16.99
Jepsen, K 		3	2	44.2	3.02	17	15	3	1.14	.600	0.74	.303	.344	.647	7.66	2.42	7.86	3.17	15.87
Jurrjens, J 		3	4	48.1	6.89	40	37	8	1.86	.429	0.80	.404	.544	.948	3.54	3.35	13.41	1.06	17.17
Keuchel, D 		3	8	85.1	5.27	56	50	14	1.55	.273	1.54	.361	.462	.823	4.01	4.11	9.81	0.97	16.27
Kimbrel, C 		3	1	62.2	1.01	7	7	3	0.65	.750	1.12	.186	.172	.358	16.66	2.01	3.88	8.29	14.94
Kintzler, B 		3	0	16.2	3.78	7	7	1	1.50	1.000	1.54	.347	.385	.732	7.56	3.78	9.72	2.00	17.88
LeCure, S 		3	3	57.1	3.14	22	20	3	1.20	.500	1.04	.300	.327	.627	9.58	3.61	7.22	2.65	16.57
Lindblom, J 		3	5	71.0	3.55	31	28	13	1.35	.375	0.68	.331	.422	.753	8.87	4.44	7.73	2.00	17.42
Lopez, J 		3	0	36.0	2.50	13	10	1	1.42	1.000	2.22	.336	.365	.700	7.00	3.50	9.25	2.00	15.78
Luebke, C 		3	1	31.0	2.61	10	9	1	1.16	.750	1.22	.281	.333	.615	6.68	2.32	8.13	2.88	16.52
Marmol, C 		3	3	55.1	3.42	24	21	4	1.54	.500	0.80	.352	.310	.662	11.71	7.32	6.51	1.60	20.06
Marte, V 		3	2	40.1	4.91	22	22	6	1.61	.600	1.48	.364	.491	.855	8.03	3.12	11.38	2.57	15.79
Mijares, J 		3	2	56.1	2.56	18	16	3	1.26	.600	0.69	.315	.357	.672	9.11	3.36	7.99	2.71	17.22
Miller, A 		3	2	40.1	3.35	15	15	3	1.19	.600	0.94	.296	.292	.588	11.38	4.46	6.25	2.55	17.03
Morales, F 		3	4	76.1	3.77	38	32	11	1.23	.429	0.77	.308	.378	.685	8.96	3.54	7.55	2.53	17.58
Moscoso, G 		3	2	50.0	6.12	34	34	8	1.72	.600	0.56	.378	.502	.881	8.46	3.42	12.06	2.47	18.22
Myers, B 		3	8	65.1	3.31	30	24	8	1.22	.273	1.35	.307	.414	.721	5.65	2.07	8.95	2.73	15.09
Nathan, J 		3	5	64.1	2.80	23	20	7	1.06	.375	0.95	.273	.357	.631	10.91	1.82	7.69	6.00	16.68
O'Flaherty, E 		3	0	57.1	1.73	14	11	3	1.15	1.000	2.74	.300	.302	.602	7.22	2.98	7.38	2.42	14.74
Oliver, D 		3	4	56.2	2.06	13	13	3	1.02	.429	0.95	.282	.294	.575	8.26	2.38	6.83	3.47	15.44
Paulino, F 		3	1	37.2	1.67	8	7	3	1.22	.750	0.82	.297	.374	.671	9.32	3.58	7.41	2.60	16.91
Perkins, G 		3	1	70.1	2.56	25	20	8	1.04	.750	0.95	.273	.358	.631	9.98	2.05	7.29	4.88	15.06
Pestano, V 		3	3	70.0	2.57	20	20	7	1.10	.500	0.77	.283	.348	.631	9.77	3.09	6.81	3.17	17.23
Pryor, S 		3	1	23.0	3.91	13	10	5	1.52	.750	0.83	.343	.506	.849	10.57	5.09	8.61	2.08	19.09
Ramirez, R 		3	4	63.2	4.24	33	30	4	1.46	.429	0.82	.341	.357	.698	7.35	4.95	8.20	1.49	16.95
Rapada, C 		3	0	38.1	2.82	14	12	2	1.20	1.000	1.06	.305	.296	.601	8.92	3.99	6.81	2.24	15.97
Rauch, J 		3	7	57.2	3.59	28	23	7	0.99	.300	0.66	.250	.367	.617	6.55	1.87	7.02	3.50	16.11
Reed, A 		3	2	55.0	4.75	30	29	6	1.36	.600	0.55	.324	.430	.753	8.84	2.95	9.33	3.00	16.75
Reynolds, M 		3	1	57.1	4.40	31	28	11	1.43	.750	1.32	.337	.516	.853	8.01	2.67	10.20	3.00	17.06
Rogers, E 		3	3	78.2	4.69	42	41	7	1.44	.500	1.19	.341	.408	.749	9.50	3.43	9.50	2.77	18.55
Rogers, M 		3	1	39.0	3.92	17	17	5	1.28	.750	1.03	.311	.412	.723	9.46	3.23	8.31	2.93	17.15
Simon, A 		3	2	61.0	2.66	22	18	2	1.43	.600	1.64	.348	.398	.747	7.67	3.25	9.59	2.36	16.54
Storen, D 		3	1	30.1	2.37	8	8	0	0.99	.750	1.03	.267	.229	.496	7.12	2.37	6.53	3.00	13.02
Swarzak, A 		3	6	96.2	5.03	57	54	15	1.42	.333	0.95	.334	.464	.798	5.77	2.89	9.87	2.00	15.09
Tolleson, S 		3	1	37.2	4.30	19	18	4	1.33	.750	1.12	.323	.375	.698	9.32	4.78	7.17	1.95	17.47
Valdes, R 		3	2	31.0	2.90	10	10	3	0.74	.600	0.49	.205	.262	.467	10.16	1.45	5.23	7.00	15.23
Valverde, J 		3	4	69.0	3.78	34	29	3	1.25	.429	0.58	.308	.341	.649	6.26	3.52	7.70	1.78	16.51
Villarreal, B 		3	5	54.2	2.63	20	16	3	1.21	.375	0.44	.299	.296	.595	10.87	4.61	6.26	2.36	17.25
Volstad, C 		3	12	111.1	6.31	81	78	16	1.62	.200	1.33	.365	.482	.847	4.93	3.48	11.07	1.42	16.99
Walden, J 		3	2	39.0	3.46	15	15	3	1.36	.600	0.87	.308	.366	.674	11.08	4.15	8.08	2.67	18.72
Aceves, A 		2	10	84.0	5.36	51	50	11	1.32	.167	0.86	.326	.422	.748	8.04	3.32	8.57	2.42	16.89
Atchison, S 		2	1	51.1	1.58	10	9	2	0.99	.667	1.46	.256	.293	.549	6.31	1.58	7.36	4.00	13.62
Axelrod, D 		2	2	51.0	5.47	32	31	8	1.51	.500	0.96	.351	.456	.807	7.06	3.71	9.88	1.90	18.59
Balester, C 		2	0	18.0	6.50	14	13	5	1.39	1.000	0.59	.337	.493	.830	6.00	5.50	7.00	1.09	16.56
Bass, A 		2	8	97.0	4.73	59	51	10	1.32	.200	1.38	.315	.403	.719	7.42	3.62	8.26	2.05	15.71
Bastardo, A 		2	5	52.0	4.33	26	25	7	1.27	.286	0.42	.305	.358	.662	14.02	4.50	6.92	3.12	18.23
Below, D 		2	1	46.1	3.88	25	20	6	1.23	.667	0.85	.310	.411	.722	5.63	1.55	9.52	3.63	14.94
Bergesen, B 		2	1	29.2	3.64	14	12	2	1.21	.667	1.28	.314	.404	.717	5.46	2.12	8.80	2.57	13.89
Brach, B 		2	4	66.2	3.78	28	28	11	1.25	.333	0.60	.305	.369	.674	10.13	4.46	6.75	2.27	17.54
Byrdak, T 		2	2	30.2	4.40	16	15	2	1.17	.500	0.74	.306	.270	.576	9.98	5.28	5.28	1.89	17.12
Cecil, B 		2	4	61.1	5.72	40	39	11	1.52	.333	0.81	.360	.496	.855	7.48	3.38	10.27	2.22	16.65
Clippard, T 		2	6	72.2	3.72	32	30	7	1.16	.250	0.49	.283	.338	.621	10.40	3.59	6.81	2.90	17.75
Cloyd, T 		2	2	33.0	4.91	18	18	8	1.21	.500	0.69	.309	.488	.797	8.18	1.91	9.00	4.29	16.00
Coke, P 		2	3	54.0	4.00	28	24	5	1.65	.400	1.54	.375	.479	.854	8.50	3.00	11.83	2.83	17.26
Crain, J 		2	3	48.0	2.44	14	13	5	1.08	.400	0.69	.273	.288	.561	11.25	4.31	5.44	2.61	17.73
Dolis, R 		2	4	38.0	6.39	29	27	5	1.66	.333	1.24	.386	.472	.858	5.68	5.45	9.47	1.04	17.21
Doolittle, S 		2	1	47.1	3.04	18	16	3	1.08	.667	0.63	.270	.341	.611	11.41	2.09	7.61	5.45	16.63
Downs, D 		2	1	20.2	3.48	8	8	1	1.31	.667	0.58	.326	.329	.655	8.71	3.92	7.84	2.22	17.03
Duffy, D 		2	2	27.2	3.90	13	12	2	1.59	.500	0.63	.364	.408	.771	9.11	5.86	8.46	1.56	19.05
Fien, C 		2	1	35.0	2.06	9	8	3	0.97	.667	0.37	.250	.328	.578	8.23	2.31	6.43	3.56	16.97
Fuentes, B 		2	2	30.0	7.20	24	24	6	1.70	.500	0.94	.369	.512	.881	7.20	4.50	10.80	1.60	17.53
Germano, J 		2	10	69.2	6.20	52	48	7	1.54	.167	1.11	.362	.437	.799	6.72	2.71	11.11	2.48	16.56
Gomes, B 		2	2	17.2	5.09	12	10	2	1.58	.500	0.73	.361	.412	.773	7.64	6.11	8.15	1.25	18.57
Gregerson, L 		2	0	71.2	2.39	19	19	7	1.09	1.000	1.22	.280	.332	.612	9.04	2.64	7.16	3.43	15.36
Guerra, J 		2	3	45.0	2.60	13	13	1	1.49	.400	1.27	.354	.331	.685	7.40	4.60	8.80	1.61	16.64
Hawkins, L 		2	3	42.0	3.64	20	17	5	1.38	.400	1.69	.331	.404	.735	4.93	2.79	9.64	1.77	16.79
Hernandez, D 		2	3	68.1	2.50	21	19	4	1.02	.400	0.51	.263	.282	.544	12.91	2.90	6.32	4.45	15.85
Horst, J 		2	0	31.1	1.15	8	4	1	1.12	1.000	1.13	.290	.275	.566	11.49	4.02	6.03	2.86	15.77
Hughes, J 		2	2	75.2	2.85	30	24	7	1.15	.500	2.70	.292	.385	.677	5.95	2.62	7.73	2.27	15.36
Johnson, J 		2	1	68.2	2.49	21	19	3	1.02	.667	2.04	.272	.284	.556	5.37	1.97	7.21	2.73	14.88
Kelley, S 		2	4	44.1	3.25	20	16	5	1.31	.333	0.47	.312	.405	.717	9.14	3.05	8.73	3.00	16.92
Kelly, C 		2	3	29.0	6.21	23	20	5	1.69	.400	1.46	.383	.512	.896	8.07	3.10	12.10	2.60	17.41
Kluber, C 		2	5	63.0	5.14	44	36	9	1.49	.286	1.30	.350	.484	.834	7.71	2.57	10.86	3.00	17.19
Kontos, G 		2	1	43.2	2.47	15	12	3	1.05	.667	1.29	.260	.331	.591	9.07	2.47	7.01	3.67	14.82
Layne, T 		2	0	16.2	3.24	6	6	0	0.72	1.000	1.15	.224	.197	.421	13.50	1.62	4.86	8.33	16.80
League, B 		2	6	72.0	3.13	27	25	1	1.36	.250	1.51	.332	.295	.628	6.75	4.13	8.13	1.64	15.39
LeBlanc, W 		2	5	68.2	3.67	30	28	7	1.31	.286	0.72	.326	.403	.729	5.64	2.49	9.31	2.26	15.70
Luetge, L 		2	2	40.2	3.98	20	18	3	1.50	.500	1.36	.350	.342	.693	8.41	5.31	8.19	1.58	17.48
Maine, S 		2	3	26.2	6.08	18	18	3	1.69	.400	0.41	.397	.441	.838	10.80	5.06	10.13	2.13	19.76
Mikolas, M 		2	1	32.1	3.62	15	13	4	1.45	.667	1.88	.345	.416	.761	6.40	4.18	8.91	1.53	16.02
Miller, J 		2	1	48.2	2.59	15	14	6	1.36	.667	0.69	.327	.361	.688	8.14	4.99	7.21	1.63	17.53
Morton, C 		2	6	50.1	4.65	30	26	5	1.45	.250	1.93	.344	.468	.812	4.47	1.97	11.09	2.27	15.79
Moyer, J 		2	5	53.2	5.70	40	34	11	1.73	.286	1.24	.380	.546	.926	6.04	3.02	12.58	2.00	17.12
Neshek, P 		2	1	19.2	1.37	3	3	3	0.81	.667	0.69	.221	.309	.530	7.32	2.75	4.58	2.67	16.88
Nicasio, J 		2	3	58.0	5.28	37	34	7	1.62	.400	1.04	.374	.487	.861	8.38	3.41	11.17	2.45	17.64
Niemann, J 		2	3	38.0	3.08	17	13	2	1.11	.400	1.36	.282	.312	.594	8.05	2.84	7.11	2.83	17.00
Noesi, H 		2	12	106.2	5.82	71	69	21	1.37	.143	0.74	.329	.498	.826	5.74	3.29	9.03	1.74	16.00
Ogando, A 		2	0	66.0	3.27	26	24	9	1.00	1.000	0.74	.259	.357	.615	9.00	2.32	6.68	3.88	15.82
Parra, M 		2	3	58.2	5.06	39	33	3	1.65	.400	1.33	.366	.372	.738	9.36	5.37	9.51	1.74	17.83
Pavano, C 		2	5	63.0	6.00	46	42	9	1.40	.286	0.99	.337	.508	.845	4.71	1.14	11.43	4.13	14.52
Peralta, J 		2	6	67.0	3.63	28	27	9	0.99	.250	0.49	.254	.376	.629	11.28	2.28	6.58	4.94	16.15
Peralta, W 		2	1	29.0	2.48	8	8	0	1.21	.667	1.50	.318	.283	.601	7.14	3.41	7.45	2.09	15.66
Perez, L 		2	2	42.0	3.43	16	16	3	1.29	.500	1.08	.326	.346	.672	8.36	3.43	8.14	2.44	15.95
Pomeranz, D 		2	9	96.2	4.93	57	53	14	1.48	.182	1.06	.345	.430	.775	7.73	4.28	9.03	1.80	17.61
Qualls, C 		2	1	52.1	5.33	34	31	7	1.47	.667	1.80	.338	.472	.809	4.64	2.41	10.83	1.93	16.13
Robertson, D 		2	7	60.2	2.67	19	18	5	1.17	.222	0.94	.290	.348	.638	12.02	2.82	7.71	4.26	16.05
Robertson, T 		2	2	25.0	5.40	16	15	4	1.40	.500	1.23	.327	.372	.700	9.36	5.04	7.56	1.86	17.64
Rodney, F 		2	2	74.2	0.60	9	5	2	0.78	.500	1.59	.219	.198	.417	9.16	1.81	5.18	5.07	14.80
Rodriguez, F 		2	10	70.1	5.37	45	42	10	1.45	.167	0.54	.336	.426	.761	9.98	4.35	8.70	2.29	17.97
Rodriguez, F 		2	7	72.0	4.38	37	35	8	1.33	.222	0.96	.316	.393	.708	9.00	3.88	8.13	2.32	16.96
Ross, T 		2	11	73.1	6.50	56	53	7	1.81	.154	1.55	.407	.463	.870	5.65	4.54	11.78	1.24	17.56
Rusin, C 		2	3	29.2	6.37	22	21	4	1.65	.400	1.48	.385	.496	.881	6.37	3.34	11.53	1.91	17.09
Schwimer, M 		2	1	34.1	4.46	18	17	3	1.34	.667	0.58	.333	.390	.724	9.44	4.19	7.86	2.25	17.71
Scribner, E 		2	0	35.1	2.55	11	10	2	1.19	1.000	0.77	.284	.353	.637	7.64	3.06	7.64	2.50	16.92
Soriano, R 		2	1	67.2	2.26	17	17	6	1.17	.667	0.69	.287	.352	.639	9.18	3.19	7.32	2.88	16.36
Straily, D 		2	1	39.1	3.89	19	17	11	1.32	.667	0.59	.316	.487	.803	7.32	3.66	8.24	2.00	17.11
Street, H 		2	1	39.0	1.85	8	8	2	0.72	.667	0.97	.196	.229	.425	10.85	2.54	3.92	4.27	14.90
Suppan, J 		2	3	30.2	5.28	19	18	4	1.53	.400	2.32	.351	.479	.830	2.05	3.82	9.98	0.54	16.47
Thayer, D 		2	2	57.2	3.43	24	22	4	1.13	.500	0.85	.286	.341	.627	7.34	1.87	8.27	3.92	16.54
Turner, J 		2	5	55.0	4.42	32	27	9	1.20	.286	0.98	.287	.429	.716	5.89	2.62	8.18	2.25	16.31
Vincent, N 		2	0	26.1	1.71	5	5	2	0.99	1.000	0.56	.260	.292	.551	9.57	2.39	6.49	4.00	17.01
Walters, P 		2	5	61.2	5.69	41	39	12	1.51	.286	0.93	.356	.480	.835	6.13	3.21	10.36	1.91	16.52
Wang, C 		2	3	32.1	6.68	24	24	5	2.01	.400	1.68	.442	.586	1.028	4.18	4.18	13.92	1.00	17.47
Wells, K 		2	4	37.1	4.58	23	19	6	1.63	.333	1.05	.369	.462	.831	4.58	4.82	9.88	0.95	17.09
Werner, A 		2	3	40.1	5.58	26	25	5	1.46	.400	1.41	.343	.468	.811	7.81	3.12	10.04	2.50	16.51
White, A 		2	9	98.0	5.51	66	60	13	1.68	.182	1.88	.374	.480	.854	5.88	4.68	10.47	1.25	18.31
Wright, W 		2	2	52.1	3.27	20	19	4	1.18	.500	1.89	.306	.332	.638	9.29	2.92	7.74	3.18	15.92
Acosta, M 		1	3	47.1	6.46	38	34	7	1.54	.250	0.88	.353	.395	.748	8.75	4.75	9.13	1.84	17.28
Affeldt, J 		1	2	63.1	2.70	23	19	1	1.26	.333	2.18	.316	.325	.640	8.10	3.27	8.10	2.48	15.85
Ambriz, H 		1	1	19.1	4.19	9	9	0	1.29	.500	1.62	.333	.279	.613	10.24	5.12	6.52	2.00	16.76
Archer, C 		1	3	29.1	4.60	17	15	3	1.23	.250	0.81	.306	.318	.624	11.05	3.99	7.06	2.77	16.70
Asencio, J 		1	1	40.1	4.91	23	22	5	1.44	.500	1.07	.337	.452	.789	6.47	4.24	8.70	1.53	16.83
Avilan, L 		1	0	36.0	2.00	9	8	1	1.03	1.000	1.09	.273	.273	.547	8.25	2.50	6.75	3.30	15.22
Bailey, A 		1	1	15.1	7.04	12	12	2	1.89	.500	0.48	.392	.470	.862	8.22	4.70	12.33	1.75	20.28
Batista, M 		1	3	52.2	4.61	30	27	6	1.73	.250	1.32	.382	.429	.811	6.15	5.64	9.91	1.09	18.42
Bauer, T 		1	2	16.1	6.06	13	11	2	1.65	.333	1.29	.368	.426	.795	9.37	7.16	7.71	1.31	19.78
Beato, P 		1	0	12.0	6.75	9	9	1	1.33	1.000	1.44	.333	.333	.667	9.00	3.75	8.25	2.40	17.67
Beliveau, J 		1	0	17.2	4.58	9	9	5	1.87	1.000	0.84	.400	.556	.956	8.66	6.11	10.70	1.42	20.43
Betancourt, R 		1	4	57.2	2.81	19	18	6	1.13	.200	0.54	.278	.377	.655	8.90	1.87	8.27	4.75	15.88
Browning, B 		1	3	19.1	5.12	11	11	2	1.29	.250	2.00	.305	.397	.702	5.12	3.26	8.38	1.57	15.52
Bruney, B 		1	0	1.0	0.00	0	0	0	2.00	1.000	0.00	.400	.000	.400	18.00	18.00	0.00	1.00	22.00
Bueno, F 		1	1	17.1	1.56	4	3	0	1.04	.500	1.39	.275	.292	.568	3.63	1.04	8.31	3.50	12.35
Burnett, S 		1	2	56.2	2.38	16	15	4	1.24	.333	2.30	.307	.367	.673	9.05	1.91	9.21	4.75	16.73
Cabrera, A 		1	1	21.2	5.40	15	13	1	1.57	.500	0.95	.357	.321	.678	11.22	7.48	6.65	1.50	18.00
Capps, M 		1	4	29.1	3.68	13	12	5	1.09	.200	0.84	.267	.405	.672	5.52	1.23	8.59	4.50	15.20
Carignan, A 		1	1	9.2	4.66	5	5	0	1.86	.500	1.00	.419	.303	.722	7.45	9.31	7.45	0.80	18.41
Carpenter, C 		1	0	6.0	9.00	6	6	1	2.83	1.000	2.00	.531	.545	1.077	3.00	15.00	10.50	0.20	22.83
Carpenter, D 		1	2	39.2	4.76	21	21	6	1.49	.333	1.27	.347	.434	.781	6.35	3.86	9.53	1.65	16.06
Cassevah, B 		1	0	5.0	7.20	4	4	2	2.20	1.000	2.00	.429	.632	1.060	3.60	10.80	9.00	0.33	21.40
Chamberlain, J 		1	0	20.2	4.35	11	10	3	1.55	1.000	0.95	.358	.477	.835	9.58	2.61	11.32	3.67	17.47
Chavez, J 		1	1	24.2	9.85	29	27	7	1.82	.500	0.88	.390	.593	.983	10.95	4.01	12.41	2.73	19.22
Chulk, V 		1	0	9.0	10.00	10	10	0	2.33	1.000	0.42	.438	.545	.983	10.00	4.00	17.00	2.50	20.56
Coffey, T 		1	0	19.1	4.66	11	10	1	1.34	1.000	2.36	.337	.380	.718	8.38	4.19	7.91	2.00	16.81
Contreras, J 		1	0	13.2	5.27	10	8	1	1.17	1.000	1.67	.304	.392	.696	9.88	1.98	8.56	5.00	15.66
Crosby, C 		1	1	12.1	9.49	13	13	2	2.11	.500	1.40	.441	.563	1.003	6.57	8.03	10.95	0.82	19.54
Cruz, J 		1	1	35.2	2.78	12	11	3	1.63	.500	0.84	.381	.407	.789	8.33	4.79	9.84	1.74	18.81
Cruz, R 		1	1	55.0	6.05	38	37	8	1.71	.500	1.02	.381	.489	.870	7.53	4.75	10.64	1.59	17.82
Davis, C 		1	0	2.0	0.00	0	0	0	1.50	1.000	2.00	.375	.429	.804	9.00	4.50	9.00	2.00	11.50
Diekman, J 		1	1	27.1	3.95	17	12	1	1.65	.500	1.53	.369	.327	.696	11.52	6.59	8.23	1.75	19.57
Downs, S 		1	1	45.2	3.15	17	16	3	1.31	.500	2.00	.309	.349	.658	6.31	3.35	8.47	1.88	15.59
Duke, Z 		1	0	13.2	1.32	2	2	0	1.10	1.000	0.82	.268	.288	.556	6.59	2.63	7.24	2.50	15.88
Edgin, J 		1	2	25.2	4.56	14	13	5	1.13	.333	1.00	.295	.398	.693	10.52	3.51	6.66	3.00	16.60
Elbert, S 		1	1	32.2	2.20	8	8	3	1.22	.500	0.62	.308	.333	.642	7.99	3.58	7.44	2.23	16.87
Eppley, C 		1	2	46.0	3.33	19	17	3	1.37	.333	2.41	.332	.358	.690	6.26	3.33	9.00	1.88	16.15
Farnsworth, K 		1	6	27.0	4.00	13	12	1	1.33	.143	1.52	.314	.275	.588	8.33	4.67	7.33	1.79	16.26
Francisco, F 		1	3	42.1	5.53	27	26	5	1.61	.250	0.67	.345	.446	.791	9.99	4.46	9.99	2.24	18.85
Frasor, J 		1	1	43.2	4.12	20	20	6	1.47	.500	1.00	.347	.451	.799	10.92	4.53	8.66	2.41	18.82
Grilli, J 		1	6	58.2	2.91	20	19	7	1.14	.143	0.57	.285	.350	.635	13.81	3.38	6.90	4.09	17.01
Grimm, J 		1	1	14.0	9.00	14	14	1	1.79	.500	1.45	.385	.550	.935	8.36	1.93	14.14	4.33	17.79
Hagadone, N 		1	0	25.1	6.39	18	18	4	1.62	1.000	0.58	.353	.424	.778	9.24	5.33	9.24	1.73	18.28
Harris, W 		1	1	17.2	8.15	18	16	3	1.87	.500	0.80	.391	.532	.922	9.68	3.06	13.75	3.17	18.79
Henderson, J 		1	3	30.2	3.52	12	12	1	1.27	.250	0.70	.308	.301	.609	13.21	3.82	7.63	3.46	17.35
Hendriks, L 		1	8	85.1	5.59	61	53	17	1.55	.111	0.93	.360	.530	.890	5.27	2.74	11.18	1.92	17.14
Hill, R 		1	0	19.2	1.83	4	4	0	1.42	1.000	1.27	.337	.347	.685	9.61	5.03	7.78	1.91	17.64
Hill, S 		1	0	3.0	0.00	0	0	0	0.67	1.000	8.00	.182	.000	.182	0.00	6.00	0.00	0.00	13.33
Hinshaw, A 		1	1	28.1	6.04	19	19	8	1.69	.500	0.88	.373	.495	.869	11.44	6.67	8.58	1.71	19.27
Hoover, J 		1	0	30.2	2.05	7	7	2	0.98	1.000	0.41	.248	.264	.512	9.10	3.82	4.99	2.38	16.99
Howell, J 		1	0	50.1	3.04	17	17	7	1.21	1.000	1.53	.323	.383	.706	7.51	3.93	6.97	1.91	16.33
Janssen, C 		1	1	63.2	2.54	18	18	7	0.86	.500	0.89	.241	.323	.564	9.47	1.55	6.22	6.09	14.89
Jenkins, C 		1	3	32.0	4.50	16	16	5	1.34	.250	0.95	.326	.423	.749	4.50	3.09	9.00	1.45	14.19
Jennings, D 		1	0	19.0	1.89	5	4	2	1.53	1.000	0.88	.360	.411	.771	3.79	5.21	8.53	0.73	17.74
Kirkman, M 		1	2	35.1	3.82	16	15	5	1.16	.333	0.87	.278	.333	.611	9.68	4.33	6.11	2.24	17.80
Lindstrom, M 		1	0	47.0	2.68	17	14	2	1.26	1.000	1.34	.320	.322	.642	7.66	2.68	8.62	2.86	16.47
Locke, J 		1	3	34.1	5.50	21	21	6	1.37	.250	1.00	.327	.422	.749	8.91	2.88	9.44	3.09	16.40
Loux, S 		1	0	25.1	4.97	15	14	3	1.62	1.000	1.35	.369	.510	.879	3.20	3.20	11.37	1.00	16.14
Maloney, M 		1	0	11.0	8.18	10	10	2	1.64	1.000	1.00	.365	.673	1.039	4.09	0.82	13.91	5.00	13.36
Marte, L 		1	0	22.1	2.82	7	7	4	1.25	1.000	0.41	.312	.410	.721	7.66	3.63	7.66	2.11	15.40
Matsuzaka, D 		1	7	45.2	8.28	43	42	11	1.71	.125	0.82	.377	.561	.938	8.08	3.94	11.43	2.05	18.53
Mejia, J 		1	2	16.0	5.63	10	10	2	1.81	.333	2.70	.397	.500	.897	4.50	5.06	11.25	0.89	18.69
Miller, S 		1	0	13.2	1.32	2	2	0	0.95	1.000	0.71	.259	.204	.463	10.54	2.63	5.93	4.00	14.34
Mills, B 		1	0	5.0	0.00	0	0	0	0.60	1.000	0.50	.167	.222	.389	10.80	0.00	5.40	-	17.60
Mortensen, C 		1	1	42.0	3.21	15	15	7	1.21	.500	1.16	.301	.391	.691	8.79	4.07	6.86	2.16	16.67
Moylan, P 		1	0	5.0	1.80	3	1	1	1.00	1.000	1.33	.250	.333	.583	3.60	3.60	5.40	1.00	12.80
Narveson, C 		1	1	9.0	7.00	8	7	2	1.56	.500	1.00	.350	.559	.909	5.00	4.00	10.00	1.25	17.56
Outman, J 		1	3	40.2	8.19	37	37	7	1.65	.250	1.60	.366	.500	.866	8.85	4.43	10.40	2.00	18.47
Patton, T 		1	0	55.2	2.43	15	15	5	1.02	1.000	1.42	.263	.335	.598	7.92	1.94	7.28	4.08	14.95
Perez, M 		1	4	38.0	5.45	26	23	3	1.63	.200	1.20	.364	.456	.819	5.92	3.55	11.13	1.67	17.42
Perez, O 		1	3	29.2	2.12	7	7	1	1.25	.250	0.44	.303	.324	.628	7.28	3.03	8.19	2.40	15.54
Perez, R 		1	0	7.2	3.52	3	3	1	1.17	1.000	0.80	.290	.370	.661	4.70	4.70	5.87	1.00	15.13
Perry, R 		1	0	8.0	10.13	9	9	2	1.75	1.000	0.80	.400	.667	1.067	3.38	2.25	13.50	1.50	16.38
Putz, J 		1	5	54.1	2.82	18	17	4	1.03	.167	1.07	.269	.332	.600	10.77	1.82	7.45	5.91	15.04
Raley, B 		1	2	24.1	8.14	23	22	7	1.81	.333	0.75	.383	.548	.931	5.92	4.07	12.21	1.45	17.05
Ramirez, E 		1	3	59.0	3.36	26	22	6	1.00	.250	0.83	.262	.355	.616	7.32	1.83	7.17	4.00	15.00
Ramos, C 		1	0	30.0	2.10	7	7	2	0.97	1.000	1.31	.258	.231	.490	8.70	3.00	5.70	2.90	14.30
Resop, C 		1	4	73.2	3.91	35	32	6	1.43	.200	1.13	.329	.392	.722	5.62	2.93	9.90	1.92	15.77
Rivera, M 		1	1	8.1	2.16	2	2	0	0.96	.500	1.29	.250	.300	.550	8.64	2.16	6.48	4.00	15.48
Rodriguez, H 		1	3	29.1	5.83	20	19	4	1.40	.250	0.81	.326	.314	.640	9.51	6.75	5.83	1.41	18.95
Rosenberg, B 		1	2	25.0	6.12	17	17	4	1.28	.333	1.09	.327	.398	.725	8.64	5.04	6.48	1.71	16.40
Rzepczynski, M 		1	3	46.2	4.24	22	22	7	1.35	.250	2.23	.321	.408	.729	6.36	3.28	8.87	1.94	15.77
Salas, F 		1	4	58.2	4.30	28	28	5	1.41	.200	0.90	.335	.386	.720	9.20	4.14	8.59	2.22	17.76
Sanchez, J 		1	9	64.2	8.07	60	58	11	2.09	.100	0.71	.431	.556	.986	6.26	7.38	11.41	0.85	20.71
Savery, J 		1	2	25.0	5.40	17	15	4	1.36	.333	1.38	.330	.474	.804	5.76	2.88	9.36	2.00	16.16
Scheppers, T 		1	1	32.1	4.45	18	16	6	1.73	.500	0.78	.389	.518	.908	8.35	2.51	13.08	3.33	17.38
Seddon, C 		1	1	34.1	3.67	15	14	2	1.40	.500	0.72	.327	.364	.690	4.72	3.41	9.17	1.38	15.35
Shaw, B 		1	6	59.1	3.49	29	23	4	1.42	.143	2.13	.347	.400	.747	6.22	3.64	9.10	1.71	15.96
Sipp, T 		1	2	55.0	4.42	29	27	9	1.27	.333	0.71	.307	.432	.739	8.35	3.76	7.69	2.22	17.36
Skaggs, T 		1	3	29.1	5.83	20	19	6	1.47	.250	0.49	.341	.444	.785	6.44	3.99	9.20	1.62	17.80
Stewart, Z 		1	4	35.2	8.58	40	34	14	1.74	.200	1.61	.377	.677	1.054	4.79	1.01	14.64	4.75	17.36
Tateyama, Y 		1	0	17.0	9.00	19	17	4	1.41	1.000	0.70	.316	.500	.816	9.53	3.18	9.53	3.00	17.41
Tazawa, J 		1	1	44.0	1.43	7	7	1	0.95	.500	1.24	.257	.301	.558	9.20	1.02	7.57	9.00	14.91
Teaford, E 		1	4	61.1	4.99	34	34	11	1.45	.200	0.88	.346	.469	.815	5.14	3.08	9.98	1.67	16.96
Thatcher, J 		1	4	31.2	3.41	13	12	2	1.39	.200	0.77	.338	.342	.680	11.08	3.98	8.53	2.79	16.86
Varvaro, A 		1	1	16.2	5.40	11	10	2	1.50	.500	1.00	.360	.406	.766	11.34	4.86	8.64	2.33	19.32
Wade, C 		1	1	39.0	6.46	29	28	8	1.38	.500	1.00	.322	.553	.874	8.77	1.85	10.62	4.75	17.33
Wall, J 		1	0	5.2	4.76	3	3	1	0.71	1.000	0.71	.238	.368	.607	6.35	1.59	4.76	4.00	13.24
Wells, R 		1	2	28.2	5.34	18	17	1	2.06	.333	1.19	.439	.464	.903	4.40	7.53	10.99	0.58	19.08
Aardsma, D 		0	0	1.0	9.00	1	1	1	2.00	-	-	.400	1.000	1.400	9.00	9.00	9.00	1.00	24.00
Abad, F 		0	6	46.0	5.09	27	26	6	1.65	.000	0.86	.383	.508	.892	7.43	3.72	11.15	2.00	17.78
Accardo, J 		0	0	37.1	4.82	21	20	3	1.55	-	1.21	.360	.475	.835	6.99	3.86	10.13	1.81	16.71
Adcock, N 		0	3	34.2	2.34	13	9	4	1.44	.000	1.14	.347	.427	.774	5.71	3.38	9.61	1.69	15.03
Albaladejo, J 		0	0	3.0	9.00	3	3	1	1.67	-	0.40	.400	.769	1.169	6.00	0.00	15.00	-	18.00
Alburquerque, A 		0	0	13.1	0.68	1	1	0	1.05	-	2.00	.264	.156	.420	12.15	5.40	4.05	2.25	17.10
Allen, C 		0	1	29.0	3.72	12	12	2	1.52	.000	0.67	.352	.358	.710	8.38	4.66	9.00	1.80	18.59
Aumont, P 		0	1	14.2	3.68	6	6	0	1.30	.000	2.88	.317	.226	.544	8.59	5.52	6.14	1.56	16.91
Barnes, S 		0	0	19.0	4.26	9	9	1	1.26	-	0.77	.329	.389	.718	7.58	3.32	8.05	2.29	17.74
Beck, C 		0	0	15.2	6.32	12	11	2	1.66	-	1.47	.361	.530	.891	5.17	2.87	12.06	1.80	16.72
Berken, J 		0	3	19.2	5.49	21	12	5	1.83	.000	1.35	.394	.635	1.029	5.03	3.20	13.27	1.57	16.93
Bogusevic, B 		0	0	1.0	18.00	2	2	1	3.00	-	0.33	.429	.857	1.286	0.00	0.00	27.00	-	27.00
Bowden, M 		0	0	39.2	2.95	13	13	5	1.24	-	0.64	.309	.380	.689	7.26	3.86	7.26	1.88	16.36
Boxberger, B 		0	0	27.2	2.60	12	8	3	1.45	-	0.67	.350	.384	.734	10.73	5.86	7.16	1.83	20.49
Bray, B 		0	0	8.2	5.19	5	5	2	2.31	-	0.45	.465	.519	.984	7.27	14.54	6.23	0.50	20.65
Brummett, T 		0	0	0.2	0.00	0	0	0	3.00	-	-	.500	.500	1.000	27.00	0.00	27.00	-	16.50
Bundy, D 		0	0	1.2	0.00	0	0	0	1.20	-	0.33	.333	.200	.533	0.00	5.40	5.40	0.00	17.40
Burns, C 		0	1	18.0	5.50	11	11	1	2.00	.000	2.08	.402	.457	.859	9.00	5.00	13.00	1.80	18.61
Butera, D 		0	0	1.0	0.00	0	0	0	1.00	-	-	.250	.000	.250	9.00	9.00	0.00	1.00	17.00
Cabrera, E 		0	2	5.2	11.12	9	7	3	2.82	.000	1.40	.485	.731	1.216	7.94	11.12	14.29	0.71	25.76
Capps, C 		0	0	25.0	3.96	11	11	0	1.44	-	0.88	.333	.333	.667	10.08	3.96	9.00	2.55	18.88
Carpenter, C 		0	2	17.0	3.71	7	7	2	1.12	.000	0.63	.296	.424	.720	6.35	1.59	8.47	4.00	15.24
Carpenter, D 		0	2	32.1	8.07	31	29	5	2.07	.000	0.97	.429	.524	.953	8.63	4.45	14.20	1.94	19.39
Carpenter, D 		0	0	9.0	5.00	5	5	4	1.44	-	0.38	.325	.588	.913	9.00	6.00	7.00	1.50	17.89
Carrasco, D 		0	0	3.2	7.36	3	3	2	1.64	-	1.00	.389	.824	1.212	7.36	0.00	14.73	-	16.36
Carreno, J 		0	2	22.0	6.14	15	15	7	1.64	.000	0.88	.371	.590	.961	6.55	5.73	9.00	1.14	17.55
Carson, R 		0	0	13.1	4.73	7	7	2	1.28	-	0.50	.339	.440	.779	3.38	2.70	8.78	1.25	17.25
Castillo, L 		0	1	16.0	7.88	16	14	2	2.25	.000	0.57	.453	.471	.925	7.31	6.75	13.50	1.08	21.31
Cedeno, X 		0	1	31.0	3.77	15	13	3	1.42	.000	1.48	.331	.373	.704	10.45	4.06	8.71	2.57	18.00
Chapman, J 		0	1	12.0	3.75	5	5	0	1.50	.000	1.00	.360	.300	.660	9.00	7.50	6.00	1.20	17.08
Choate, R 		0	0	38.2	3.03	18	13	1	1.22	-	2.39	.313	.255	.569	8.84	4.19	6.75	2.11	16.78
Cingrani, T 		0	0	5.0	1.80	1	1	1	1.20	-	1.33	.273	.350	.623	16.20	3.60	7.20	4.50	20.20
Cleto, M 		0	0	9.0	7.00	7	7	4	1.67	-	1.00	.390	.737	1.127	15.00	2.00	13.00	7.50	19.11
Coello, R 		0	1	6.1	12.79	9	9	2	2.21	.000	0.17	.455	.750	1.205	15.63	5.68	14.21	2.75	20.84
Coleman, C 		0	2	24.1	7.40	20	20	5	2.01	.000	1.08	.415	.547	.962	5.92	4.44	13.68	1.33	18.90
Coleman, L 		0	0	51.0	3.71	23	21	10	1.31	-	0.33	.318	.444	.762	11.47	4.59	7.24	2.50	18.63
Colon, R 		0	0	8.0	6.75	6	6	0	1.88	-	1.11	.405	.500	.905	3.38	3.38	13.50	1.00	15.13
Corpas, M 		0	2	46.2	5.01	27	26	7	1.41	.000	1.16	.348	.470	.818	5.40	3.09	9.64	1.75	15.15
Crawford, E 		0	0	8.0	6.75	6	6	3	1.75	-	1.29	.429	.700	1.129	5.63	4.50	11.25	1.25	18.63
De Fratus, J 		0	0	10.2	3.38	5	4	0	1.13	-	1.00	.273	.205	.478	6.75	4.22	5.91	1.60	17.34
De La Rosa, D 		0	0	5.0	12.60	7	7	2	1.80	-	1.67	.409	.750	1.159	9.00	3.60	12.60	2.50	19.20
De La Rosa, J 		0	2	10.2	9.28	14	11	5	1.78	.000	0.75	.365	.700	1.065	5.06	1.69	14.34	3.00	19.12
De La Rosa, R 		0	0	0.2	27.00	2	2	0	3.00	-	0.00	.500	.000	.500	0.00	27.00	0.00	0.00	30.00
De Los Santos, F 		0	0	3.0	3.00	2	1	0	3.33	-	0.40	.500	.471	.971	9.00	9.00	21.00	1.00	24.67
Del Rosario, E 		0	0	19.0	9.00	21	19	1	2.16	-	0.79	.443	.558	1.001	5.21	3.32	16.11	1.57	19.00
Demel, S 		0	1	1.0	9.00	1	1	0	3.00	.000	0.50	.600	.500	1.100	0.00	9.00	18.00	0.00	13.00
Dickson, B 		0	0	6.1	7.11	7	5	2	1.89	-	1.80	.375	.633	1.008	8.53	2.84	14.21	3.00	20.68
Dillard, T 		0	2	37.0	4.38	21	18	3	1.59	.000	1.85	.366	.450	.816	7.05	3.41	10.95	2.07	16.35
Dunn, M 		0	3	44.0	4.91	31	24	3	1.77	.000	0.69	.379	.428	.806	9.61	5.93	10.02	1.62	20.39
Dyson, S 		0	0	0.2	40.50	3	3	0	9.00	-	-	.750	1.000	1.750	13.50	27.00	54.00	0.50	37.50
Edlefsen, S 		0	1	15.1	4.70	8	8	1	1.70	.000	2.40	.377	.429	.805	5.28	3.52	11.74	1.50	16.50
Egbert, J 		0	0	0.2	0.00	0	0	0	0.00	-	0.00	.000	.000	.000	0.00	0.00	0.00	-	10.50
Ekstrom, M 		0	0	15.2	6.32	11	11	1	1.47	-	1.35	.333	.469	.802	5.17	1.15	12.06	4.50	16.53
Ely, J 		0	2	2.2	20.25	6	6	0	3.75	.000	1.50	.611	.538	1.150	10.13	13.50	20.25	0.75	28.50
Enright, B 		0	0	3.2	14.73	6	6	1	2.18	-	0.20	.400	.579	.979	0.00	2.45	17.18	0.00	21.55
Escalona, E 		0	1	22.1	6.04	16	15	5	1.34	.000	0.80	.323	.517	.840	8.46	2.82	9.27	3.00	16.97
Eveland, D 		0	1	32.1	4.73	18	17	3	1.39	.000	1.26	.345	.376	.721	5.01	3.62	8.91	1.38	15.80
Familia, J 		0	0	12.1	5.84	8	8	0	1.54	-	0.92	.365	.279	.644	7.30	6.57	7.30	1.11	16.86
Fick, C 		0	1	24.2	4.38	14	12	4	1.82	.000	1.17	.416	.505	.921	6.20	6.57	9.85	0.94	17.80
Fife, S 		0	2	26.2	2.70	8	8	2	1.39	.000	1.00	.348	.347	.695	6.75	4.05	8.44	1.67	15.79
Figueroa, P 		0	0	21.2	3.32	9	8	2	1.43	-	0.76	.348	.311	.659	5.82	6.23	6.65	0.93	15.78
Font, W 		0	0	2.0	9.00	2	2	0	2.00	-	0.67	.400	.000	.400	4.50	18.00	0.00	0.25	26.50
Freeman, S 		0	2	20.0	5.40	13	12	2	1.35	.000	0.74	.329	.324	.654	8.10	4.50	7.65	1.80	17.30
Galarraga, A 		0	4	24.0	6.75	20	18	6	1.92	.000	1.12	.403	.561	.965	6.38	6.75	10.50	0.94	18.04
Garcia, C 		0	0	12.2	2.13	3	3	2	0.79	-	0.62	.255	.372	.627	10.66	1.42	5.68	7.50	13.66
Gearrin, C 		0	1	20.0	1.80	4	4	1	1.10	.000	2.27	.300	.342	.642	9.00	2.25	7.65	4.00	13.95
Geltz, S 		0	0	2.0	4.50	1	1	0	2.50	-	0.25	.455	.571	1.026	4.50	13.50	9.00	0.33	21.00
Gentry, C 		0	0	1.0	18.00	2	2	0	4.00	-	0.00	.571	.667	1.238	0.00	9.00	27.00	0.00	20.00
Godfrey, G 		0	4	21.0	6.43	18	15	4	1.71	.000	0.44	.398	.524	.922	4.29	4.29	11.14	1.00	17.38
Gonzalez, M 		0	0	35.2	3.03	14	12	2	1.32	-	0.76	.318	.374	.692	9.84	4.04	7.82	2.44	17.33
Guerrier, M 		0	2	14.0	3.86	6	6	3	1.07	.000	0.82	.291	.391	.682	5.79	4.50	5.14	1.29	15.57
Hacker, E 		0	1	9.2	5.59	6	6	2	1.66	.000	1.00	.378	.548	.925	7.45	1.86	13.03	4.00	14.69
Hampson, J 		0	0	10.0	1.80	4	2	0	1.10	-	2.14	.306	.258	.564	3.60	4.50	5.40	0.80	14.20
Hand, B 		0	1	3.2	17.18	7	7	1	3.27	.000	0.60	.522	.647	1.169	7.36	14.73	14.73	0.50	26.18
Hatcher, C 		0	0	14.2	4.30	9	7	3	1.57	-	0.88	.364	.525	.889	6.14	3.68	10.43	1.67	19.91
Heath, D 		0	0	2.0	4.50	1	1	1	1.00	-	0.33	.286	.667	.952	4.50	4.50	4.50	1.00	11.50
Hernandez, P 		0	1	4.0	18.00	8	8	3	3.25	.000	0.43	.520	.917	1.437	4.50	2.25	27.00	2.00	21.75
Hernandez, R 		0	3	14.1	7.53	15	12	4	1.40	.000	1.60	.339	.625	.964	1.26	1.88	10.67	0.67	16.12
Herndon, D 		0	1	7.2	4.70	4	4	1	1.43	.000	2.50	.355	.533	.888	9.39	1.17	11.74	8.00	16.57
Herrmann, F 		0	0	19.1	2.33	5	5	1	0.83	-	0.71	.225	.313	.539	6.52	1.86	5.59	3.50	15.26
Hottovy, T 		0	0	9.1	2.89	3	3	2	1.71	-	1.11	.405	.583	.988	5.79	4.82	10.61	1.20	17.36
Igarashi, R 		0	0	4.0	18.00	8	8	0	3.50	-	2.50	.538	.571	1.110	11.25	11.25	20.25	1.00	28.50
Jeffress, J 		0	0	13.1	6.75	14	10	0	2.40	-	1.55	.438	.400	.838	8.78	8.78	12.83	1.00	21.53
Johnson, R 		0	0	1.0	0.00	0	0	0	0.00	-	0.00	.000	.000	.000	9.00	0.00	0.00	-	10.00
Kinney, J 		0	3	32.0	3.94	14	14	3	1.22	.000	1.07	.311	.357	.668	10.13	4.22	6.75	2.40	16.44
Koehler, T 		0	1	13.1	5.40	8	8	4	1.28	.000	0.53	.304	.593	.896	8.78	1.35	10.13	6.50	15.68
Korecky, B 		0	0	1.0	18.00	2	2	1	2.00	-	-	.400	1.000	1.400	0.00	9.00	9.00	0.00	21.00
Leroux, C 		0	0	11.1	5.56	9	7	1	1.15	-	1.00	.298	.341	.639	9.53	1.59	8.74	6.00	17.74
Lidge, B 		0	1	9.1	9.64	10	10	1	2.46	.000	1.00	.460	.564	1.024	9.64	10.61	11.57	0.91	22.29
Lopez, R 		0	1	6.1	5.68	6	4	0	2.05	.000	0.50	.438	.520	.958	2.84	7.11	11.37	0.40	16.42
Loup, A 		0	2	30.2	2.64	10	9	0	0.91	.000	1.72	.243	.304	.547	6.16	0.59	7.63	10.50	14.15
Lowe, M 		0	2	39.1	3.43	15	15	5	1.22	.000	0.51	.296	.411	.707	6.41	2.97	8.01	2.15	16.19
Lueke, J 		0	0	3.1	18.90	7	7	0	3.60	-	0.00	.571	.813	1.384	5.40	8.10	24.30	0.67	23.40
MacDougal, M 		0	0	5.2	7.94	5	5	0	2.65	-	0.63	.469	.423	.892	6.35	9.53	14.29	0.67	21.00
Machi, J 		0	0	6.2	6.75	5	5	2	1.20	-	0.60	.286	.519	.804	5.40	1.35	9.45	4.00	15.45
Maier, M 		0	0	1.0	0.00	0	0	0	1.00	-	1.00	.333	.333	.667	0.00	0.00	9.00	-	9.00
Manship, J 		0	0	21.2	7.89	19	19	4	1.66	-	1.23	.381	.517	.898	4.98	2.91	12.05	1.71	17.86
Marinez, J 		0	0	2.2	0.00	0	0	0	1.50	-	1.00	.400	.250	.650	3.38	6.75	6.75	0.50	13.50
Maronde, N 		0	0	6.0	1.50	1	1	0	1.50	-	0.38	.333	.304	.638	10.50	4.50	9.00	2.33	16.33
Martinez, J 		0	0	1.0	9.00	1	1	0	2.00	-	0.00	.400	.600	1.000	9.00	0.00	18.00	-	16.00
Mather, J 		0	0	0.1	0.00	0	0	0	3.00	-	-	.500	.500	1.000	0.00	0.00	27.00	-	12.00
Mathis, J 		0	0	2.0	9.00	2	2	0	2.50	-	0.20	.455	.700	1.155	0.00	4.50	18.00	0.00	21.00
McClellan, K 		0	1	18.2	5.30	11	11	2	1.34	.000	1.05	.325	.375	.700	5.30	4.34	7.71	1.22	15.00
McClendon, M 		0	0	14.0	6.43	11	10	1	1.79	-	1.47	.424	.483	.907	2.57	3.21	12.86	0.80	16.43
McCutchen, D 		0	1	0.0	-.--	2	2	1	-	.000	-	1.000	4.000	5.000	-	-	-	0.00	-
McDonald, D 		0	1	1.0	27.00	3	3	1	4.00	.000	-	.667	1.500	2.167	0.00	18.00	18.00	0.00	24.00
McHugh, C 		0	4	21.1	7.59	21	18	5	1.64	.000	0.88	.381	.663	1.044	7.17	3.38	11.39	2.13	18.56
McPherson, K 		0	2	26.1	2.73	8	8	3	1.18	.000	0.89	.311	.371	.682	7.18	2.39	8.20	3.00	16.75
Meek, E 		0	0	12.0	6.75	9	9	1	1.67	-	0.75	.375	.388	.763	6.00	4.50	10.50	1.33	16.25
Melancon, M 		0	2	45.0	6.20	31	31	8	1.27	.000	1.74	.311	.443	.754	8.20	2.40	9.00	3.42	16.42
Mitchell, D 		0	0	4.2	3.86	2	2	1	2.14	-	1.40	.417	.524	.940	3.86	5.79	13.50	0.67	18.00
Morris, B 		0	0	5.0	1.80	2	1	0	0.80	-	2.00	.250	.125	.375	10.80	3.60	3.60	3.00	14.80
Moseley, D 		0	0	5.0	9.00	5	5	1	1.40	-	0.83	.318	.526	.844	7.20	3.60	9.00	2.00	15.80
Mota, G 		0	1	20.2	5.23	13	12	3	1.55	.000	0.83	.374	.538	.911	10.45	3.48	10.45	3.00	18.53
Mujica, E 		0	3	65.1	3.03	24	22	7	1.04	.000	1.41	.268	.374	.643	6.47	1.65	7.71	3.92	13.58
Odorizzi, J 		0	1	7.1	4.91	4	4	1	1.64	.000	0.64	.353	.467	.820	4.91	4.91	9.82	1.00	20.73
Ohman, W 		0	2	26.2	6.41	19	19	6	1.05	.000	1.41	.304	.426	.729	4.39	1.69	7.76	2.60	14.89
Oliveros, L 		0	0	1.2	5.40	1	1	0	1.20	-	0.33	.286	.333	.619	5.40	5.40	5.40	1.00	19.20
Olson, G 		0	0	0.1	108.00	4	4	0	12.00	-	0.00	.800	1.500	2.300	0.00	27.00	81.00	0.00	60.00
Omogrosso, B 		0	0	21.0	2.57	6	6	3	1.38	-	0.79	.322	.420	.742	7.71	3.86	8.57	2.00	18.10
Ortega, J 		0	0	2.2	3.38	1	1	1	1.50	-	0.67	.308	.583	.891	13.50	3.38	10.13	4.00	19.50
Otero, D 		0	0	12.1	5.84	11	8	0	1.70	-	2.71	.404	.491	.894	5.84	1.46	13.86	4.00	15.08
Owings, M 		0	2	9.2	2.79	4	3	1	1.34	.000	1.22	.341	.371	.713	6.52	4.66	7.45	1.40	17.48
Palmer, M 		0	0	2.0	9.00	2	2	1	2.00	-	3.00	.444	.714	1.159	9.00	9.00	9.00	1.00	20.50
Parker, B 		0	0	6.0	6.00	7	4	3	2.50	-	1.75	.469	.704	1.172	9.00	7.50	15.00	1.20	21.67
Paterson, J 		0	0	2.2	37.13	11	11	2	6.75	-	1.67	.692	1.087	1.779	0.00	10.13	50.63	0.00	34.12
Pauley, D 		0	1	16.2	6.48	13	12	2	1.92	.000	0.62	.420	.507	.927	3.24	2.70	14.58	1.20	18.42
Pelfrey, M 		0	0	19.2	2.29	5	5	0	1.42	-	1.75	.333	.350	.683	5.95	1.83	10.98	3.25	15.51
Penny, B 		0	1	28.0	6.11	22	19	4	1.82	.000	1.37	.394	.508	.902	3.21	2.89	13.50	1.11	15.86
Perdomo, L 		0	0	17.0	3.18	8	6	0	1.59	-	1.41	.372	.333	.705	4.24	6.35	7.94	0.67	17.82
Perez, C 		0	4	57.2	3.59	25	23	6	1.13	.000	0.81	.277	.376	.652	9.21	2.50	7.65	3.69	16.86
Perez, J 		0	1	7.0	5.14	4	4	2	2.00	.000	1.00	.429	.500	.929	12.86	10.29	7.71	1.25	21.43
Petit, Y 		0	0	4.2	3.86	2	2	0	2.36	-	0.67	.524	.412	.936	1.93	7.71	13.50	0.25	20.14
Phillips, Z 		0	0	6.0	6.00	4	4	2	1.67	-	0.86	.357	.600	.957	7.50	4.50	10.50	1.67	18.17
Pomeranz, S 		0	0	6.0	3.00	2	2	1	1.33	-	1.50	.308	.400	.708	4.50	1.50	10.50	3.00	15.00
Putkonen, L 		0	2	16.0	3.94	7	7	0	1.69	.000	1.19	.380	.397	.777	5.63	4.50	10.69	1.25	18.81
Putnam, Z 		0	0	2.0	0.00	0	0	0	2.00	-	1.50	.500	.429	.929	0.00	4.50	13.50	0.00	15.00
Ramirez, E 		0	1	21.1	5.48	13	13	1	2.06	.000	0.71	.431	.444	.876	9.28	8.44	10.13	1.10	20.16
Ramos, A 		0	0	9.1	3.86	4	4	2	1.29	-	0.56	.325	.429	.754	12.54	3.86	7.71	3.25	16.29
Redmond, T 		0	1	3.1	10.80	4	4	1	3.60	.000	0.33	.545	.647	1.193	5.40	13.50	18.90	0.40	27.30
Richmond, S 		0	0	3.0	6.00	2	2	1	1.67	-	1.00	.333	.571	.905	6.00	0.00	15.00	-	18.67
Rodriguez, A 		0	0	6.0	3.00	2	2	2	0.67	-	0.50	.190	.421	.612	9.00	3.00	3.00	3.00	13.00
Rodriguez, P 		0	1	6.2	1.35	1	1	0	1.05	.000	0.63	.269	.136	.406	8.10	5.40	4.05	1.50	15.75
Romero, J 		0	0	12.0	9.00	13	12	4	2.00	-	0.94	.403	.632	1.035	4.50	2.25	15.75	2.00	17.25
Rosario, S 		0	0	3.0	18.00	6	6	0	2.67	-	2.50	.471	.588	1.059	6.00	0.00	24.00	-	20.00
Rosenthal, T 		0	2	22.2	2.78	7	7	2	0.93	.000	1.10	.250	.263	.513	9.93	2.78	5.56	3.57	16.24
Runzler, D 		0	0	3.2	0.00	0	0	0	1.09	-	0.67	.333	.100	.433	12.27	7.36	2.45	1.67	18.27
Saito, T 		0	0	12.0	6.75	14	9	4	1.83	-	1.17	.390	.698	1.088	8.25	3.75	12.75	2.20	19.83
Sanches, B 		0	1	6.1	9.95	7	7	4	2.37	.000	0.40	.441	.839	1.280	7.11	4.26	17.05	1.67	21.32
Sanchez, E 		0	1	15.0	6.60	11	11	2	1.60	.000	0.78	.362	.352	.714	7.80	7.80	6.60	1.00	18.33
Santos, S 		0	1	5.0	9.00	5	5	1	2.00	.000	2.33	.417	.579	.996	7.20	7.20	10.80	1.00	20.60
Scahill, R 		0	0	8.2	1.04	1	1	0	1.15	-	1.38	.303	.300	.603	4.15	3.12	7.27	1.33	14.88
Schlereth, D 		0	0	7.0	10.29	10	8	3	2.71	-	1.33	.487	.853	1.340	7.71	6.43	18.00	1.20	19.71
Schwinden, C 		0	1	8.2	12.46	13	12	4	2.08	.000	1.45	.400	.786	1.186	1.04	3.12	15.58	0.33	21.58
Septimo, L 		0	2	14.1	5.02	8	8	3	0.98	.000	0.81	.259	.333	.592	8.79	3.77	5.02	2.33	13.81
Sherrill, G 		0	0	1.1	27.00	4	4	2	5.25	-	-	.700	1.333	2.033	0.00	6.75	40.50	0.00	24.00
Slaten, D 		0	0	13.0	2.77	4	4	1	1.31	-	1.29	.315	.283	.597	4.15	5.54	6.23	0.75	15.08
Socolovich, M 		0	0	16.1	6.06	11	11	3	1.47	-	0.50	.333	.429	.762	6.61	4.96	8.27	1.33	17.27
Spence, J 		0	1	10.1	4.35	5	5	1	1.74	.000	0.54	.375	.395	.770	8.71	4.35	11.32	2.00	17.13
Stauffer, T 		0	0	5.0	5.40	4	3	1	2.00	-	2.00	.417	.476	.893	9.00	5.40	12.60	1.67	18.20
Stinson, J 		0	0	9.1	0.96	1	1	1	1.29	-	0.92	.316	.364	.679	2.89	4.82	6.75	0.60	16.29
Storey, M 		0	1	30.1	3.86	14	13	2	1.22	.000	0.72	.304	.377	.681	10.09	2.97	8.01	3.40	16.78
Stutes, M 		0	0	5.2	6.35	6	4	0	1.94	-	0.08	.379	.440	.819	7.94	6.35	11.12	1.25	22.76
Takahashi, H 		0	3	50.1	5.54	32	31	8	1.25	.000	0.70	.300	.472	.772	9.30	2.50	8.76	3.71	16.59
Taylor, A 		0	0	2.1	11.57	3	3	0	3.00	-	0.17	.500	.300	.800	0.00	15.43	11.57	0.00	20.57
Teheran, J 		0	0	6.1	5.68	4	4	0	0.95	-	0.44	.250	.217	.467	7.11	1.42	7.11	5.00	15.63
Thomas, J 		0	0	7.2	8.22	7	7	1	1.96	-	0.56	.432	.563	.995	8.22	3.52	14.09	2.33	20.22
Thompson, R 		0	1	3.0	12.00	4	4	1	2.33	.000	1.00	.438	.667	1.104	9.00	3.00	18.00	3.00	18.67
Thornburg, T 		0	0	22.0	4.50	11	11	8	1.41	-	1.15	.340	.581	.922	8.18	2.86	9.82	2.86	17.32
Uehara, K 		0	0	36.0	1.75	7	7	4	0.64	-	0.52	.178	.288	.466	10.75	0.75	5.00	14.33	14.25
Valdez, J 		0	0	12.0	2.25	4	3	1	1.67	-	0.93	.370	.348	.718	7.50	6.00	9.00	1.25	18.83
van den Hurk, R 		0	1	2.2	13.50	4	4	0	2.25	.000	0.50	.438	.357	.795	10.13	3.38	16.88	3.00	29.25
Vasquez, E 		0	2	31.2	5.68	20	20	2	1.61	.000	0.50	.371	.376	.747	3.98	5.40	9.09	0.74	17.27
Veal, D 		0	0	13.0	1.38	2	2	0	0.69	-	0.75	.184	.178	.361	13.15	2.77	3.46	4.75	14.15
Verdugo, R 		0	1	1.2	32.40	6	6	1	6.00	.000	0.50	.667	1.000	1.667	10.80	10.80	43.20	1.00	33.00
Villarreal, P 		0	0	1.0	0.00	0	0	0	0.00	-	0.00	.000	.000	.000	9.00	0.00	0.00	-	12.00
Waldrop, K 		0	1	21.1	2.53	6	6	2	1.55	.000	3.25	.383	.412	.795	2.95	2.53	11.39	1.17	16.22
Warren, A 		0	0	2.1	23.14	6	6	2	4.29	-	0.50	.588	1.000	1.588	3.86	7.71	30.86	0.50	33.00
Weber, T 		0	1	4.0	9.00	4	4	0	3.00	.000	10.00	.500	.591	1.091	2.25	4.50	22.50	0.50	21.25
Weiland, K 		0	3	17.2	6.62	13	13	5	1.75	.000	0.59	.392	.597	.990	6.62	3.57	12.23	1.86	17.15
Wheeler, D 		0	0	12.1	8.76	12	12	3	1.95	-	1.06	.393	.577	.970	1.46	5.11	12.41	0.29	20.51
Wieland, J 		0	4	27.2	4.55	16	14	5	1.27	.000	0.90	.305	.481	.786	7.81	2.93	8.46	2.67	16.88
Wilk, A 		0	3	11.0	8.18	11	10	4	2.18	.000	0.60	.436	.647	1.083	5.73	2.45	17.18	2.33	17.64
Wilson, B 		0	0	2.0	9.00	2	2	0	3.00	-	0.33	.500	.600	1.100	9.00	9.00	18.00	1.00	28.00
Wilson, J 		0	0	4.2	1.93	1	1	0	2.79	-	1.00	.520	.591	1.111	13.50	5.79	19.29	2.33	22.29
Wise, D 		0	0	1.2	0.00	0	0	0	1.20	-	1.00	.333	.200	.533	0.00	5.40	5.40	0.00	11.40
Wood, K 		0	2	8.2	8.31	8	8	1	2.19	.000	0.89	.452	.433	.886	6.23	11.42	8.31	0.55	18.81
Zagurski, M 		0	0	37.1	5.54	24	23	5	1.50	-	0.80	.354	.463	.817	8.20	4.58	8.92	1.79	17.12
