Verlander, J 		24	5	251.0	2.40	73	67	24	0.92	.828	0.80	.242	.313	.555	8.96	2.04	6.24	4.39	15.70
Kennedy, I 		21	4	222.0	2.88	73	71	19	1.09	.840	0.84	.281	.361	.641	8.03	2.23	7.54	3.60	15.42
Kershaw, C 		21	5	233.1	2.28	66	59	15	0.98	.808	0.95	.256	.298	.554	9.57	2.08	6.71	4.59	14.87
Halladay, R 		19	6	233.2	2.35	65	61	10	1.04	.760	1.39	.269	.313	.582	8.47	1.35	8.01	6.29	14.84
Sabathia, C 		19	8	237.1	3.00	87	79	17	1.23	.704	1.14	.305	.361	.666	8.72	2.31	8.72	3.77	15.19
Weaver, J 		18	8	235.2	2.41	65	63	20	1.01	.692	0.56	.262	.336	.598	7.56	2.14	6.95	3.54	15.90
Gallardo, Y 		17	10	207.1	3.52	92	81	27	1.22	.630	1.21	.296	.390	.686	8.99	2.56	8.38	3.51	16.70
Lee, C 		17	8	232.2	2.40	66	62	18	1.03	.680	1.13	.268	.339	.607	9.21	1.62	7.62	5.67	14.63
Gonzalez, G 		16	12	202.0	3.12	81	70	17	1.32	.571	1.14	.318	.336	.654	8.78	4.05	7.80	2.16	16.87
Greinke, Z 		16	6	171.2	3.83	82	73	19	1.20	.727	1.31	.297	.412	.708	10.54	2.36	8.44	4.47	16.55
Haren, D 		16	10	238.1	3.17	91	84	20	1.02	.615	1.02	.265	.365	.630	7.25	1.25	7.97	5.82	15.83
Holland, D 		16	5	198.0	3.95	97	87	22	1.35	.762	1.10	.325	.398	.724	7.36	3.05	9.14	2.42	16.19
Hudson, D 		16	12	222.0	3.49	98	86	17	1.20	.571	0.89	.301	.394	.694	6.85	2.03	8.80	3.38	15.48
Hudson, T 		16	10	215.0	3.22	86	77	14	1.14	.615	1.63	.296	.331	.627	6.61	2.34	7.91	2.82	14.90
Nova, I 		16	4	165.1	3.70	74	68	13	1.33	.800	1.50	.322	.384	.706	5.33	3.10	8.87	1.72	15.50
Shields, J 		16	12	249.1	2.82	83	78	26	1.04	.571	1.06	.273	.350	.623	8.12	2.35	7.04	3.46	14.34
Wilson, C 		16	7	223.1	2.94	89	73	16	1.19	.696	1.38	.302	.350	.651	8.30	2.98	7.70	2.78	16.08
Lester, J 		15	9	191.2	3.47	77	74	20	1.26	.625	1.35	.316	.374	.690	8.55	3.52	7.79	2.43	16.65
Romero, R 		15	11	225.0	2.92	85	73	26	1.14	.577	1.79	.296	.365	.662	7.12	3.20	7.04	2.23	15.00
Scherzer, M 		15	9	195.0	4.43	101	96	29	1.35	.625	0.83	.325	.455	.781	8.03	2.58	9.55	3.11	17.15
Hamels, C 		14	9	216.0	2.79	68	67	19	0.99	.609	1.50	.259	.337	.596	8.08	1.83	7.04	4.41	14.50
Harang, A 		14	7	170.2	3.64	73	69	20	1.37	.667	0.82	.331	.427	.758	6.54	3.06	9.23	2.14	16.14
Harrison, M 		14	9	185.2	3.39	79	70	13	1.28	.609	1.23	.312	.374	.685	6.11	2.76	8.73	2.21	16.24
Hernandez, F 		14	14	233.2	3.47	99	90	19	1.22	.500	1.30	.304	.356	.660	8.55	2.58	8.40	3.31	15.44
Lewis, C 		14	10	200.1	4.40	103	98	35	1.21	.583	0.62	.299	.439	.738	7.59	2.52	8.40	3.02	16.01
Lohse, K 		14	8	188.1	3.39	80	71	16	1.17	.636	0.95	.291	.390	.680	5.30	2.01	8.51	2.64	14.89
Porcello, R 		14	9	182.0	4.75	103	96	18	1.41	.609	1.43	.339	.435	.774	5.14	2.27	10.38	2.26	15.71
Beckett, J 		13	7	193.0	2.89	65	62	21	1.03	.650	0.82	.273	.335	.608	8.16	2.42	6.81	3.37	15.51
Buehrle, M 		13	9	205.1	3.59	93	82	21	1.30	.591	1.05	.315	.414	.728	4.78	1.97	9.69	2.42	15.32
Bumgarner, M 		13	13	204.2	3.21	82	73	12	1.21	.500	1.08	.304	.366	.670	8.40	2.02	8.88	4.15	15.64
Garcia, J 		13	7	194.2	3.56	100	77	15	1.32	.650	1.57	.317	.394	.711	7.21	2.31	9.57	3.12	15.33
Gee, D 		13	6	160.2	4.43	85	79	18	1.38	.684	1.18	.338	.401	.739	6.39	3.98	8.40	1.61	16.20
Hellickson, J 		13	10	189.0	2.95	64	62	21	1.15	.565	0.68	.287	.373	.660	5.57	3.43	6.95	1.63	15.63
Jurrjens, J 		13	6	152.0	2.96	52	50	14	1.22	.684	0.94	.306	.384	.690	5.33	2.61	8.41	2.05	15.05
Kuroda, H 		13	16	202.0	3.07	77	69	24	1.21	.448	1.05	.300	.415	.716	7.17	2.18	8.73	3.29	15.85
Lincecum, T 		13	14	217.0	2.74	74	66	15	1.21	.481	1.35	.302	.344	.646	9.12	3.57	7.30	2.56	16.62
Marcum, S 		13	7	200.2	3.54	84	79	22	1.16	.650	0.82	.284	.372	.656	7.09	2.56	7.85	2.77	15.85
Ogando, A 		13	8	169.0	3.51	73	66	16	1.14	.619	0.77	.288	.361	.649	6.71	2.29	7.93	2.93	16.14
Vazquez, J 		13	11	192.2	3.69	91	79	21	1.18	.542	0.60	.291	.398	.689	7.57	2.34	8.31	3.24	15.59
Vogelsong, R 		13	7	179.2	2.71	62	54	15	1.25	.650	1.16	.310	.361	.671	6.96	3.06	8.22	2.28	16.35
Wolf, R 		13	10	212.1	3.69	95	87	23	1.32	.565	0.79	.329	.415	.744	5.68	2.80	9.07	2.03	15.90
Cahill, T 		12	14	207.2	4.16	102	96	19	1.43	.462	1.88	.340	.398	.738	6.37	3.55	9.27	1.79	16.30
Cain, M 		12	11	221.2	2.88	82	71	9	1.08	.522	0.89	.279	.319	.597	7.27	2.56	7.19	2.84	15.74
Chen, B 		12	8	155.0	3.77	71	65	18	1.30	.600	0.71	.321	.406	.727	5.63	2.90	8.83	1.94	16.25
Correia, K 		12	11	154.0	4.79	90	82	24	1.39	.522	1.13	.331	.461	.791	4.50	2.28	10.23	1.97	15.31
Floyd, G 		12	13	193.2	4.37	97	94	22	1.16	.480	1.01	.297	.388	.685	7.02	2.09	8.36	3.36	15.46
Garcia, F 		12	8	146.2	3.62	63	59	16	1.34	.600	0.76	.322	.429	.750	5.89	2.76	9.33	2.13	15.62
Jackson, E 		12	9	199.2	3.79	92	84	16	1.44	.571	1.24	.342	.427	.768	6.67	2.79	10.14	2.39	16.24
Lackey, J 		12	12	160.0	6.41	119	114	20	1.62	.500	0.95	.375	.477	.852	6.08	3.15	11.42	1.93	17.78
Leake, M 		12	9	167.2	3.86	74	72	23	1.17	.571	1.34	.298	.416	.714	6.33	2.04	8.53	3.11	15.22
Lilly, T 		12	14	192.2	3.97	88	85	28	1.16	.462	0.67	.294	.414	.708	7.38	2.38	8.03	3.10	15.71
Masterson, J 		12	10	216.0	3.21	89	77	11	1.28	.545	1.59	.318	.349	.667	6.58	2.71	8.79	2.43	16.02
McClellan, K 		12	7	141.2	4.19	71	66	21	1.31	.632	1.32	.319	.431	.750	4.83	2.73	9.08	1.77	15.00
Price, D 		12	13	224.1	3.49	93	87	22	1.14	.480	0.97	.289	.370	.659	8.75	2.53	7.70	3.46	16.48
Saunders, J 		12	13	212.0	3.69	94	87	29	1.31	.480	1.10	.324	.438	.762	4.58	2.84	8.92	1.61	15.17
Tomlin, J 		12	7	165.1	4.25	80	78	24	1.08	.632	0.77	.274	.438	.712	4.84	1.14	8.55	4.24	14.33
Westbrook, J 		12	9	183.1	4.66	103	95	16	1.53	.571	2.27	.355	.435	.789	5.11	3.58	10.21	1.42	16.67
Billingsley, C 		11	11	188.0	4.21	98	88	14	1.45	.500	1.09	.343	.386	.729	7.28	4.02	9.05	1.81	17.13
Britton, Z 		11	11	154.1	4.61	93	79	12	1.45	.500	1.67	.342	.393	.735	5.66	3.62	9.45	1.56	16.26
Burnett, A 		11	11	190.1	5.15	115	109	31	1.43	.500	1.39	.339	.464	.802	8.18	3.92	8.98	2.08	16.92
Capuano, C 		11	12	186.0	4.55	99	94	27	1.35	.478	1.02	.323	.458	.781	8.13	2.56	9.58	3.17	15.92
Carpenter, C 		11	9	237.1	3.45	98	91	16	1.26	.550	1.20	.309	.360	.669	7.24	2.09	9.21	3.47	15.22
Chacin, J 		11	14	194.0	3.62	87	78	20	1.31	.440	2.14	.315	.392	.707	6.96	4.04	7.79	1.72	16.18
Davis, W 		11	10	184.0	4.45	96	91	23	1.38	.524	0.66	.330	.441	.771	5.14	3.08	9.29	1.67	16.04
Fister, D 		11	13	216.1	2.83	76	68	11	1.06	.458	1.18	.278	.339	.617	6.07	1.54	8.03	3.95	14.77
Hanson, T 		11	7	130.0	3.60	55	52	17	1.17	.611	0.91	.289	.390	.680	9.83	3.18	7.34	3.09	16.68
Hochevar, L 		11	11	198.0	4.68	110	103	23	1.28	.500	1.36	.313	.429	.742	5.82	2.82	8.73	2.06	15.75
Morrow, B 		11	11	179.1	4.72	103	94	21	1.29	.500	0.71	.314	.391	.705	10.19	3.46	8.13	2.94	17.35
Narveson, C 		11	8	161.2	4.45	82	80	17	1.39	.579	1.01	.326	.409	.735	7.01	3.62	8.91	1.94	16.34
Niemann, J 		11	7	135.1	4.06	65	61	18	1.24	.611	1.19	.304	.426	.729	6.98	2.46	8.71	2.84	15.89
Niese, J 		11	11	157.1	4.40	88	77	14	1.41	.500	1.89	.335	.419	.754	7.89	2.52	10.18	3.14	15.85
Penny, B 		11	11	181.2	5.30	117	107	24	1.56	.500	1.35	.361	.483	.844	3.67	3.07	11.00	1.19	16.24
Rodriguez, W 		11	11	191.0	3.49	81	74	25	1.31	.500	1.18	.320	.420	.739	7.82	3.25	8.58	2.41	16.47
Santana, E 		11	12	228.2	3.38	95	86	26	1.22	.478	1.04	.304	.389	.693	7.01	2.83	8.15	2.47	15.10
Worley, V 		11	3	131.2	3.01	47	44	10	1.23	.786	0.95	.303	.369	.673	8.13	3.14	7.93	2.59	16.45
Aceves, A 		10	2	114.0	2.61	37	33	8	1.11	.833	0.77	.299	.321	.621	6.32	3.32	6.63	1.90	15.41
Arrieta, J 		10	8	119.1	5.05	70	67	21	1.46	.556	1.12	.342	.448	.791	7.01	4.45	8.67	1.58	17.57
Belisle, M 		10	4	72.0	3.25	33	26	5	1.26	.714	1.64	.320	.401	.721	7.25	1.75	9.63	4.14	16.43
Collmenter, J 		10	10	154.1	3.38	61	58	17	1.07	.500	0.63	.278	.374	.652	5.83	1.63	7.99	3.57	15.78
Dempster, R 		10	14	202.1	4.80	111	108	23	1.45	.417	1.23	.343	.445	.788	8.50	3.65	9.39	2.33	17.37
Garza, M 		10	10	198.0	3.32	90	73	14	1.26	.500	1.13	.304	.350	.654	8.95	2.86	8.45	3.13	16.12
Jimenez, U 		10	13	188.1	4.68	111	98	17	1.40	.435	1.22	.333	.419	.752	8.60	3.73	8.89	2.31	17.30
Lannan, J 		10	13	184.2	3.70	90	76	15	1.46	.435	1.81	.347	.389	.736	5.17	3.70	9.45	1.39	15.91
Morton, C 		10	10	171.2	3.83	82	73	6	1.53	.500	2.42	.365	.372	.737	5.77	4.04	9.75	1.43	15.94
Nolasco, R 		10	12	206.0	4.67	117	107	20	1.40	.455	1.10	.331	.440	.770	6.47	1.92	10.66	3.36	15.51
Vargas, J 		10	13	201.0	4.25	105	95	22	1.31	.435	0.72	.314	.398	.712	5.87	2.64	9.18	2.22	16.17
Arroyo, B 		9	12	199.0	5.07	119	112	46	1.37	.429	0.89	.327	.527	.855	4.88	2.04	10.27	2.40	15.61
Bailey, H 		9	7	132.0	4.43	68	65	18	1.28	.563	0.87	.312	.416	.728	7.23	2.25	9.27	3.21	15.95
Cueto, J 		9	5	156.0	2.31	51	40	8	1.09	.643	1.63	.290	.304	.593	6.00	2.71	7.10	2.21	15.35
Duensing, B 		9	14	161.2	5.23	102	94	21	1.52	.391	1.06	.349	.484	.833	6.40	2.89	10.74	2.21	16.51
Guthrie, J 		9	17	208.0	4.33	113	100	26	1.34	.346	0.84	.326	.444	.770	5.63	2.86	9.22	1.97	15.94
Humber, P 		9	9	163.0	3.75	71	68	14	1.18	.500	1.09	.294	.357	.651	6.40	2.26	8.34	2.83	15.32
Karstens, J 		9	9	162.1	3.38	69	61	22	1.21	.500	1.18	.302	.419	.721	5.32	1.83	9.04	2.91	14.51
Latos, M 		9	14	194.1	3.47	82	75	16	1.18	.391	0.91	.292	.363	.655	8.57	2.87	7.78	2.98	16.20
Liriano, F 		9	10	134.1	5.09	81	76	14	1.49	.474	1.18	.350	.376	.726	7.50	5.02	8.37	1.49	16.96
Lowe, D 		9	17	187.0	5.05	110	105	14	1.51	.346	2.29	.347	.406	.754	6.59	3.37	10.20	1.96	17.25
McCarthy, B 		9	9	170.2	3.32	73	63	11	1.13	.500	1.13	.281	.377	.659	6.49	1.32	8.86	4.92	14.64
McDonald, J 		9	9	171.0	4.21	86	80	24	1.49	.500	0.79	.349	.431	.780	7.47	4.11	9.26	1.82	16.95
Mujica, E 		9	6	76.0	2.96	27	25	7	1.03	.600	1.26	.274	.364	.638	7.46	1.66	7.58	4.50	14.74
Oswalt, R 		9	10	139.0	3.69	60	57	10	1.34	.474	0.96	.325	.410	.736	6.02	2.14	9.91	2.82	15.53
Pavano, C 		9	13	222.0	4.30	123	106	23	1.36	.409	1.32	.327	.447	.774	4.14	1.62	10.62	2.55	15.24
Pineda, M 		9	10	171.0	3.74	76	71	18	1.10	.474	0.72	.279	.342	.621	9.11	2.89	7.00	3.15	15.72
Stauffer, T 		9	12	185.2	3.73	81	77	20	1.25	.429	1.61	.316	.413	.729	6.20	2.57	8.73	2.42	16.18
Zambrano, C 		9	7	145.2	4.82	80	78	19	1.44	.563	0.91	.346	.441	.788	6.24	3.46	9.51	1.80	16.92
Baker, S 		8	6	134.2	3.14	50	47	15	1.17	.571	0.64	.296	.391	.687	8.22	2.14	8.42	3.84	15.83
Carrasco, C 		8	9	124.2	4.62	68	64	15	1.36	.471	1.37	.326	.427	.754	6.14	2.89	9.39	2.13	15.76
Colon, B 		8	10	164.1	4.00	85	73	21	1.29	.444	1.04	.311	.440	.751	7.39	2.19	9.42	3.38	15.47
Crain, J 		8	3	65.1	2.62	20	19	7	1.24	.727	0.56	.303	.352	.655	9.64	4.27	6.89	2.26	17.54
Danks, J 		8	12	170.1	4.33	89	82	19	1.34	.400	1.02	.325	.427	.752	7.13	2.43	9.62	2.93	16.16
Dickey, R 		8	13	208.2	3.28	85	76	18	1.23	.381	1.41	.308	.382	.690	5.78	2.33	8.71	2.48	15.01
Hernandez, L 		8	13	175.1	4.47	98	87	16	1.40	.381	0.99	.337	.434	.772	5.08	2.36	10.21	2.15	15.33
Kendrick, K 		8	6	114.2	3.22	50	41	14	1.22	.571	1.14	.311	.421	.733	4.63	2.35	8.63	1.97	15.10
Marquis, J 		8	6	132.0	4.43	74	65	11	1.49	.571	1.85	.350	.429	.779	5.18	2.93	10.50	1.77	15.55
Melancon, M 		8	4	74.1	2.78	28	23	5	1.22	.667	2.10	.304	.327	.631	7.99	3.15	7.87	2.54	15.04
Moscoso, G 		8	10	128.0	3.38	59	48	14	1.09	.444	0.41	.270	.346	.617	5.20	2.67	7.17	1.95	16.65
Owings, M 		8	0	63.0	3.57	27	25	8	1.25	1.000	0.70	.313	.433	.746	6.29	3.29	8.00	1.91	16.51
Samardzija, J 		8	4	88.0	2.97	35	29	5	1.30	.667	0.81	.316	.297	.613	8.90	5.11	6.55	1.74	17.41
Sanchez, A 		8	9	196.1	3.67	85	80	20	1.28	.471	1.18	.313	.398	.711	9.26	2.93	8.57	3.16	16.43
Zimmermann, J 		8	11	161.1	3.18	62	57	12	1.15	.421	0.85	.294	.377	.671	6.92	1.73	8.59	4.00	15.27
Beachy, B 		7	3	141.2	3.68	62	58	16	1.21	.700	0.63	.301	.378	.679	10.74	2.92	7.94	3.67	17.06
Blackburn, N 		7	10	148.1	4.49	91	74	19	1.60	.412	1.61	.363	.467	.830	4.61	3.28	11.10	1.41	16.38
Hammel, J 		7	13	170.1	4.76	100	90	21	1.43	.350	1.12	.342	.435	.777	4.97	3.59	9.25	1.38	15.91
Hernandez, R 		7	15	188.2	5.25	125	110	22	1.40	.318	1.78	.339	.437	.776	5.20	2.86	9.78	1.82	16.01
Myers, B 		7	14	216.0	4.46	116	107	31	1.31	.333	1.20	.315	.437	.751	6.67	2.38	9.42	2.81	15.50
Peavy, J 		7	7	111.2	4.92	61	61	10	1.26	.500	0.76	.307	.394	.701	7.66	1.93	9.43	3.96	16.62
Pelfrey, M 		7	13	193.2	4.74	111	102	21	1.47	.350	1.18	.344	.434	.777	4.88	3.02	10.22	1.62	16.61
Pineiro, J 		7	7	145.2	5.13	90	83	16	1.51	.500	1.36	.352	.462	.814	3.83	2.35	11.24	1.63	15.08
Reyes, J 		7	11	140.2	5.57	99	87	21	1.59	.389	0.92	.362	.490	.852	5.57	3.07	11.26	1.81	16.83
Wakefield, T 		7	8	154.2	5.12	110	88	25	1.36	.467	0.80	.324	.470	.794	5.41	2.73	9.48	1.98	15.62
Wells, R 		7	6	135.1	4.99	76	75	23	1.39	.538	0.92	.328	.438	.766	5.45	3.13	9.38	1.74	16.08
Alburquerque, A 		6	1	43.1	1.87	9	9	0	1.15	.857	1.42	.289	.149	.438	13.92	6.02	4.36	2.31	17.63
Bastardo, A 		6	1	58.0	2.64	17	17	6	0.93	.857	0.44	.242	.282	.524	10.86	4.03	4.34	2.69	16.62
Buchholz, C 		6	3	82.2	3.48	34	32	10	1.29	.667	1.30	.310	.397	.706	6.53	3.38	8.27	1.94	16.38
Camp, S 		6	3	66.1	4.21	36	31	3	1.52	.667	1.83	.369	.452	.821	4.34	2.98	10.72	1.45	15.00
Chatwood, T 		6	11	142.0	4.75	81	75	14	1.67	.353	1.34	.388	.442	.830	4.69	4.50	10.52	1.04	17.03
Downs, S 		6	3	53.2	1.34	11	8	3	1.01	.667	2.23	.254	.286	.539	5.87	2.52	6.54	2.33	14.91
Francis, J 		6	16	183.0	4.82	102	98	19	1.44	.273	1.19	.337	.457	.794	4.48	1.92	11.02	2.33	16.14
Happ, J 		6	15	156.1	5.35	103	93	21	1.54	.286	0.71	.353	.453	.806	7.71	4.78	9.04	1.61	19.01
Hensley, C 		6	7	67.2	5.19	41	39	9	1.36	.462	0.99	.325	.400	.725	6.12	3.99	8.25	1.53	16.15
Janssen, C 		6	0	55.2	2.26	14	14	2	1.10	1.000	1.38	.284	.311	.594	8.57	2.26	7.60	3.79	15.75
Johnson, J 		6	5	91.0	2.67	30	27	5	1.11	.545	2.24	.285	.342	.628	5.74	2.08	7.91	2.76	13.87
Litsch, J 		6	3	75.0	4.44	40	37	10	1.29	.667	1.25	.317	.426	.743	7.92	3.36	8.28	2.36	16.96
Lopez, R 		6	6	97.2	4.42	56	48	18	1.48	.500	1.07	.354	.513	.867	4.98	2.67	10.69	1.86	15.90
Luebke, C 		6	10	139.2	3.29	54	51	12	1.07	.375	0.75	.274	.335	.608	9.92	2.84	6.77	3.50	16.88
Maholm, P 		6	14	162.1	3.66	72	66	11	1.29	.300	1.38	.321	.390	.711	5.38	2.77	8.87	1.94	15.13
Marshall, S 		6	6	75.2	2.26	21	19	1	1.10	.500	1.86	.282	.284	.566	9.40	2.02	7.85	4.65	15.70
Miller, A 		6	3	65.0	5.54	43	40	8	1.82	.667	1.17	.398	.459	.857	6.92	5.68	10.66	1.22	18.92
Norris, B 		6	11	186.0	3.77	93	78	24	1.33	.353	0.88	.321	.412	.732	8.52	3.39	8.56	2.51	16.93
Qualls, C 		6	8	74.1	3.51	30	29	7	1.25	.429	1.93	.311	.378	.689	5.21	2.42	8.84	2.15	14.73
Rodriguez, F 		6	2	71.2	2.64	22	21	4	1.30	.750	1.38	.311	.351	.663	9.92	3.27	8.41	3.04	16.35
Rogers, E 		6	6	83.0	7.05	65	65	14	1.89	.500	0.93	.408	.512	.919	6.83	5.10	11.93	1.34	18.24
Sipp, T 		6	3	62.1	3.03	22	21	10	1.11	.667	0.42	.276	.388	.664	8.23	3.47	6.50	2.38	16.43
Storen, D 		6	3	75.1	2.75	24	23	8	1.02	.667	1.14	.262	.337	.599	8.84	2.39	6.81	3.70	14.59
Stutes, M 		6	2	62.0	3.63	25	25	7	1.24	.750	0.56	.307	.364	.672	8.42	4.06	7.11	2.07	17.35
Venters, J 		6	2	88.0	1.84	19	18	2	1.09	.750	3.85	.289	.219	.508	9.82	4.40	5.42	2.23	15.03
Villanueva, C 		6	4	107.0	4.04	49	48	11	1.26	.600	0.70	.307	.389	.696	5.72	2.69	8.66	2.13	16.24
Wade, C 		6	1	39.2	2.04	10	9	5	1.03	.857	0.59	.261	.362	.624	6.81	1.82	7.49	3.75	15.48
Wilson, B 		6	4	55.0	3.11	20	19	2	1.47	.600	1.21	.343	.317	.660	8.84	5.07	8.18	1.74	18.67
Wood, T 		6	6	106.0	4.84	57	57	10	1.49	.500	0.64	.357	.457	.813	6.45	3.40	10.02	1.90	16.88
Adams, M 		5	4	73.2	1.47	13	12	5	0.79	.556	0.96	.211	.285	.496	9.04	1.71	5.38	5.29	14.40
Balfour, G 		5	2	62.0	2.47	17	17	8	1.03	.714	0.75	.266	.339	.605	8.56	2.90	6.39	2.95	16.48
Batista, M 		5	2	60.0	3.60	29	24	2	1.37	.714	1.10	.341	.339	.681	4.65	4.95	7.35	0.94	16.38
Beavan, B 		5	6	97.0	4.27	46	46	13	1.25	.455	0.84	.307	.459	.766	3.90	1.39	9.84	2.80	15.24
Bedard, E 		5	9	129.1	3.62	63	52	14	1.28	.357	0.90	.309	.371	.681	8.70	3.34	8.21	2.60	17.23
Bray, B 		5	3	48.1	2.98	16	16	3	1.08	.625	0.48	.277	.329	.606	8.19	3.17	6.52	2.59	16.76
Burnett, S 		5	5	56.2	3.81	24	24	6	1.32	.500	1.73	.326	.376	.702	5.24	3.34	8.58	1.57	16.55
Coffey, T 		5	1	59.2	3.62	25	24	4	1.26	.833	1.06	.305	.351	.656	6.94	3.02	8.30	2.30	16.31
Cordero, F 		5	3	69.2	2.45	20	19	6	1.02	.625	1.26	.271	.320	.591	5.43	2.84	6.33	1.91	15.50
Cruz, J 		5	0	48.2	3.88	21	21	5	1.32	1.000	0.64	.320	.351	.671	8.51	5.18	6.66	1.64	18.39
De La Rosa, J 		5	2	59.0	3.51	25	23	4	1.19	.714	1.02	.299	.329	.627	7.93	3.36	7.32	2.36	16.20
Dotel, O 		5	4	54.0	3.50	23	21	6	0.98	.556	0.58	.256	.318	.574	10.33	2.83	6.00	3.65	15.80
Dunn, M 		5	6	63.0	3.43	28	24	9	1.30	.455	0.72	.319	.404	.723	9.71	4.43	7.29	2.19	18.02
Farnsworth, K 		5	1	57.2	2.18	15	14	5	0.99	.833	1.26	.261	.347	.608	7.96	1.87	7.02	4.25	14.93
Gomez, J 		5	3	58.1	4.47	31	29	6	1.51	.625	1.53	.344	.461	.804	4.78	2.31	11.26	2.07	16.34
Hernandez, D 		5	3	69.1	3.38	27	26	4	1.14	.625	0.53	.281	.280	.561	10.00	3.89	6.36	2.57	17.19
Holland, G 		5	1	60.0	1.80	13	12	3	0.93	.833	1.00	.246	.275	.521	11.10	2.85	5.55	3.89	15.77
Hughes, P 		5	5	74.2	5.79	48	48	9	1.49	.500	0.52	.347	.451	.799	5.67	3.25	10.13	1.74	17.30
LeBlanc, W 		5	6	79.2	4.63	42	41	7	1.41	.455	0.72	.336	.421	.757	5.76	3.16	9.49	1.82	16.61
Logan, B 		5	3	41.2	3.46	20	16	4	1.34	.625	1.14	.328	.418	.746	9.94	2.81	9.29	3.54	16.42
Lopez, J 		5	2	53.0	2.72	16	16	0	1.28	.714	2.36	.324	.279	.603	6.79	4.42	7.13	1.54	15.34
McCutchen, D 		5	3	84.2	3.72	38	35	7	1.42	.625	0.97	.344	.397	.741	5.00	3.51	9.25	1.42	15.58
McGee, J 		5	2	28.0	4.50	14	14	5	1.50	.714	0.57	.341	.459	.801	8.68	3.86	9.64	2.25	18.86
Minor, M 		5	3	82.2	4.14	39	38	7	1.49	.625	0.80	.346	.439	.785	8.38	3.27	10.13	2.57	16.66
Motte, J 		5	2	68.0	2.25	22	17	2	0.96	.714	0.93	.262	.296	.558	8.34	2.12	6.49	3.94	16.44
Oliver, D 		5	5	51.0	2.29	17	13	3	1.14	.500	0.93	.280	.312	.591	7.76	1.94	8.29	4.00	16.33
Ondrusek, L 		5	5	61.1	3.23	25	22	6	1.35	.500	1.22	.321	.355	.676	6.02	4.11	8.07	1.46	16.06
Pauley, D 		5	6	74.0	3.16	27	26	6	1.16	.455	1.42	.304	.348	.652	5.35	2.68	7.78	2.00	14.14
Perez, R 		5	2	63.0	3.00	27	21	2	1.24	.714	2.11	.307	.343	.650	4.71	2.71	8.43	1.74	14.33
Rauch, J 		5	4	52.0	4.85	28	28	11	1.35	.556	0.66	.318	.481	.799	6.23	2.42	9.69	2.57	17.12
Resop, C 		5	4	69.2	4.39	34	34	8	1.48	.556	0.70	.343	.413	.756	10.21	3.88	9.43	2.63	18.24
Richard, C 		5	9	99.2	3.88	52	43	8	1.42	.357	1.38	.340	.401	.741	4.79	3.43	9.39	1.39	16.52
Salas, F 		5	6	75.0	2.28	20	19	7	0.95	.455	0.56	.250	.316	.566	9.00	2.52	6.00	3.57	15.67
Soria, J 		5	5	60.1	4.03	29	27	7	1.28	.500	1.09	.312	.397	.709	8.95	2.54	8.95	3.53	17.24
Volquez, E 		5	7	108.2	5.71	72	69	19	1.57	.417	1.73	.362	.472	.833	8.61	5.38	8.78	1.60	17.96
Volstad, C 		5	13	165.2	4.89	96	90	23	1.42	.278	1.74	.335	.464	.799	6.36	2.66	10.16	2.39	15.69
Walden, J 		5	5	60.1	2.98	22	20	3	1.24	.500	1.16	.305	.336	.642	9.99	3.88	7.31	2.58	18.05
Wood, B 		5	3	69.2	3.75	30	29	5	1.41	.625	1.59	.339	.377	.716	8.01	4.13	8.53	1.94	17.24
Acosta, M 		4	1	47.0	3.45	21	18	6	1.38	.800	0.63	.328	.430	.759	8.81	2.87	9.57	3.07	16.02
Albers, M 		4	4	64.2	4.73	35	34	7	1.44	.500	1.12	.344	.389	.733	9.46	4.31	8.63	2.19	18.19
Arredondo, J 		4	4	53.0	3.23	21	19	5	1.40	.500	0.92	.341	.379	.720	8.15	5.26	7.30	1.55	17.53
Benoit, J 		4	3	61.0	2.95	22	20	5	1.05	.571	0.60	.275	.306	.581	9.30	2.51	6.93	3.71	16.52
Capps, M 		4	7	65.2	4.25	31	31	10	1.20	.364	0.89	.305	.421	.726	4.66	1.78	9.05	2.62	14.06
Cecil, B 		4	11	123.2	4.73	68	65	22	1.33	.267	0.81	.321	.458	.779	6.33	3.06	8.88	2.07	15.49
Chapman, A 		4	1	50.0	3.60	21	20	2	1.30	.800	1.46	.325	.209	.534	12.78	7.38	4.32	1.73	17.70
Collins, T 		4	4	67.0	3.63	28	27	5	1.49	.500	0.96	.349	.332	.681	8.06	6.45	6.99	1.25	18.58
Crow, A 		4	4	62.0	2.76	20	19	8	1.39	.500	1.30	.327	.384	.711	9.44	4.50	7.98	2.10	16.45
De La Rosa, R 		4	5	60.2	3.71	26	25	6	1.40	.444	1.32	.337	.385	.722	8.90	4.60	8.01	1.94	17.03
Detwiler, R 		4	5	66.0	3.00	26	22	7	1.26	.444	0.97	.319	.385	.704	5.59	2.73	8.59	2.05	14.88
Drabek, K 		4	5	78.2	6.06	54	53	10	1.81	.444	1.22	.395	.462	.857	5.83	6.29	9.95	0.93	18.72
Duffy, D 		4	8	105.1	5.64	66	66	15	1.61	.333	0.91	.371	.493	.864	7.43	4.36	10.17	1.71	18.56
Estrada, M 		4	8	92.2	4.08	45	42	11	1.21	.333	0.95	.305	.395	.700	8.55	2.82	8.06	3.03	16.72
Furbush, C 		4	10	85.1	5.48	59	52	16	1.49	.286	0.87	.359	.491	.850	7.07	3.16	10.23	2.23	17.39
Gorzelanny, T 		4	6	105.0	4.03	50	47	15	1.29	.400	0.80	.321	.432	.753	8.14	2.83	8.74	2.88	16.19
Guerrier, M 		4	3	66.1	4.07	31	30	4	1.27	.571	0.80	.301	.332	.633	6.78	3.39	8.01	2.00	15.32
Harden, R 		4	4	82.2	5.12	48	47	17	1.43	.500	0.57	.331	.488	.819	9.91	3.38	9.47	2.94	17.93
Heilman, A 		4	1	35.1	6.88	28	27	8	1.67	.800	0.92	.368	.563	.931	8.41	2.80	12.23	3.00	18.57
Herrmann, F 		4	0	56.1	5.11	35	32	7	1.54	1.000	0.52	.347	.464	.810	5.43	2.56	11.34	2.13	17.79
Hunter, T 		4	4	84.2	4.68	50	44	12	1.36	.500	0.99	.326	.456	.782	4.78	1.59	10.63	3.00	15.34
Igarashi, R 		4	1	38.2	4.66	20	20	2	1.84	.800	1.21	.399	.397	.796	9.78	6.52	10.01	1.50	19.97
Kimbrel, C 		4	3	77.0	2.10	19	18	3	1.04	.571	0.75	.266	.233	.499	14.84	3.74	5.61	3.97	17.06
Linebrink, S 		4	4	54.1	3.64	22	22	6	1.45	.500	0.84	.353	.432	.785	6.96	3.48	9.61	2.00	17.23
Loe, K 		4	7	72.0	3.50	30	28	4	1.13	.364	2.77	.287	.351	.638	7.63	2.00	8.13	3.81	14.65
Madson, R 		4	2	60.2	2.37	16	16	2	1.15	.667	1.26	.296	.297	.593	9.20	2.37	8.01	3.88	15.96
Miley, W 		4	2	40.0	4.50	20	20	6	1.65	.667	1.34	.373	.500	.873	5.63	4.05	10.80	1.39	16.40
Millwood, K 		4	3	54.1	3.98	26	24	9	1.21	.571	0.97	.300	.448	.748	5.96	1.33	9.61	4.50	15.37
Nicasio, J 		4	4	71.2	4.14	35	33	8	1.27	.500	1.40	.309	.427	.735	7.28	2.26	9.17	3.22	16.17
Papelbon, J 		4	1	64.1	2.94	22	21	3	0.93	.800	0.67	.247	.299	.546	12.17	1.40	6.99	8.70	15.58
Parnell, B 		4	6	59.1	3.64	29	24	4	1.47	.400	1.56	.340	.339	.679	9.71	4.10	9.10	2.37	18.42
Paulino, F 		4	10	139.1	4.46	74	69	13	1.44	.286	0.93	.352	.408	.760	8.59	3.55	9.43	2.42	17.33
Perez, C 		4	7	59.2	3.32	24	22	5	1.21	.364	0.44	.307	.341	.648	5.88	3.92	6.94	1.50	16.51
Perkins, G 		4	4	61.2	2.48	19	17	2	1.23	.500	1.41	.310	.333	.644	9.49	3.06	8.03	3.10	14.72
Robertson, D 		4	0	66.2	1.08	9	8	1	1.13	1.000	1.09	.280	.226	.506	13.50	4.73	5.40	2.86	18.18
Saito, T 		4	2	26.2	2.03	6	6	2	1.13	.667	1.00	.290	.330	.620	7.76	3.04	7.09	2.56	16.31
Sanches, B 		4	1	61.2	3.94	32	27	7	1.43	.800	0.72	.335	.406	.741	7.74	5.25	7.59	1.47	17.61
Sanchez, J 		4	7	101.1	4.26	54	48	9	1.44	.364	1.02	.345	.357	.703	9.06	5.86	7.11	1.55	17.34
Santos, S 		4	5	63.1	3.55	25	25	6	1.11	.444	0.90	.282	.314	.596	13.07	4.12	5.83	3.17	15.66
Simon, A 		4	9	115.2	4.90	69	63	15	1.45	.308	0.97	.345	.489	.834	6.46	3.11	9.96	2.08	16.44
Swarzak, A 		4	7	102.0	4.32	53	49	9	1.34	.364	0.65	.326	.399	.724	4.85	2.29	9.79	2.12	16.47
Takahashi, H 		4	3	68.0	3.44	30	26	7	1.22	.571	1.00	.299	.364	.663	6.88	3.31	7.68	2.08	16.09
Wang, C 		4	3	62.1	4.04	35	28	8	1.28	.571	1.51	.309	.402	.712	3.61	1.88	9.67	1.92	14.41
Williams, J 		4	0	44.0	3.68	20	18	6	1.36	1.000	1.32	.332	.437	.769	5.73	3.07	9.20	1.87	15.41
Accardo, J 		3	3	37.2	5.73	24	24	5	1.62	.500	0.91	.376	.473	.848	5.50	4.30	10.27	1.28	18.37
Affeldt, J 		3	2	61.2	2.63	22	18	5	1.15	.600	2.51	.294	.330	.625	7.88	3.50	6.86	2.25	15.83
Anderson, B 		3	6	83.1	4.00	40	37	8	1.33	.333	2.11	.335	.386	.721	6.59	2.70	9.29	2.44	16.21
Bell, H 		3	4	62.2	2.44	20	17	4	1.15	.429	0.93	.287	.301	.588	7.32	3.02	7.32	2.43	17.54
Clippard, T 		3	0	88.1	1.83	18	18	11	0.84	1.000	0.31	.228	.307	.535	10.60	2.65	4.89	4.00	15.36
Cobb, A 		3	2	52.2	3.42	21	20	3	1.33	.600	1.47	.317	.338	.655	6.32	3.59	8.37	1.76	15.99
Coke, P 		3	9	108.2	4.47	64	54	5	1.45	.250	0.98	.345	.383	.728	5.71	3.31	9.77	1.73	15.64
Coleman, C 		3	9	84.1	6.40	62	60	10	1.75	.250	1.14	.388	.476	.864	8.00	4.91	10.89	1.63	17.94
Cook, A 		3	10	97.0	6.03	67	65	9	1.69	.231	1.91	.384	.490	.874	4.45	3.43	11.78	1.30	15.22
De Los Santos, F 		3	2	33.1	4.32	19	16	4	1.32	.600	0.93	.312	.358	.670	11.61	4.59	7.29	2.53	18.27
Duke, Z 		3	4	76.2	4.93	42	42	6	1.57	.429	1.28	.361	.458	.820	3.76	2.23	11.86	1.68	15.83
Eveland, D 		3	2	29.2	3.03	10	10	1	1.15	.600	1.87	.308	.339	.647	4.85	1.82	8.49	2.67	14.66
Frasor, J 		3	3	60.0	3.60	25	24	7	1.40	.500	0.89	.336	.434	.770	8.55	3.90	8.70	2.19	18.85
Galarraga, A 		3	4	42.2	5.91	36	28	13	1.62	.429	1.04	.359	.581	.940	5.91	4.64	9.91	1.27	17.30
Grabow, J 		3	1	62.1	4.76	39	33	9	1.52	.750	0.85	.345	.466	.811	5.49	4.04	9.67	1.36	15.26
Gregerson, L 		3	3	55.2	2.75	23	17	2	1.37	.500	1.39	.331	.350	.681	5.50	3.07	9.22	1.79	15.74
Hawkins, L 		3	1	48.1	2.42	15	13	1	1.24	.750	1.83	.296	.328	.624	5.21	1.86	9.31	2.80	15.21
Isringhausen, J 		3	3	46.2	4.05	23	21	6	1.29	.500	0.73	.308	.345	.653	8.49	4.63	6.94	1.83	17.42
Johnson, J 		3	1	60.1	1.64	13	11	2	0.98	.750	1.19	.258	.251	.509	8.35	2.98	5.82	2.80	15.58
Laffey, A 		3	2	53.1	3.88	24	23	7	1.65	.600	1.25	.371	.461	.833	5.06	3.54	11.31	1.43	16.69
Lyon, B 		3	3	13.1	11.48	17	17	4	2.40	.500	1.06	.451	.682	1.133	4.05	3.38	18.23	1.20	21.15
MacDougal, M 		3	1	57.0	2.05	16	13	3	1.46	.750	2.33	.352	.338	.691	6.47	4.58	8.53	1.41	16.37
Masset, N 		3	6	70.1	3.71	30	29	5	1.52	.333	1.27	.347	.381	.729	7.93	3.97	9.73	2.00	16.09
Matsuzaka, D 		3	3	37.1	5.30	24	22	4	1.47	.500	0.42	.335	.329	.664	6.27	5.54	7.71	1.13	17.60
McClendon, M 		3	0	13.2	2.63	5	4	1	1.32	1.000	1.50	.322	.364	.686	6.59	1.98	9.88	3.33	16.02
Moseley, D 		3	10	120.0	3.30	59	44	10	1.28	.231	1.36	.311	.397	.708	4.80	2.70	8.78	1.78	15.63
Outman, J 		3	5	58.1	3.70	27	24	4	1.46	.375	0.81	.340	.397	.737	5.40	3.55	9.57	1.52	16.58
Peralta, J 		3	4	67.2	2.93	23	22	7	0.92	.429	0.46	.244	.342	.586	8.11	2.39	5.85	3.39	15.81
Perez, L 		3	3	65.0	5.12	40	37	9	1.55	.500	2.27	.362	.461	.823	7.48	3.74	10.25	2.00	16.91
Ramirez, R 		3	3	68.2	2.62	24	20	3	1.17	.500	1.33	.296	.300	.596	8.65	3.41	7.08	2.54	16.22
Ray, C 		3	2	32.2	4.68	18	17	2	1.38	.600	0.95	.328	.385	.714	6.06	3.31	9.09	1.83	15.31
Reynolds, G 		3	0	32.0	6.19	22	22	6	1.56	1.000	1.08	.354	.523	.877	5.06	2.81	11.25	1.80	16.09
Rhodes, A 		3	4	33.0	4.64	17	17	8	1.36	.429	0.71	.326	.532	.858	5.73	3.00	9.27	1.91	16.09
Rodney, F 		3	5	32.0	4.50	18	16	1	1.69	.375	2.05	.388	.284	.672	7.31	7.88	7.31	0.93	19.44
Rodriguez, H 		3	3	65.2	3.56	30	26	1	1.51	.500	1.18	.344	.252	.596	9.59	6.17	7.40	1.56	18.82
Romo, S 		3	1	48.0	1.50	8	8	2	0.71	.750	0.82	.197	.262	.458	13.13	0.94	5.44	14.00	13.73
Ross, T 		3	3	36.0	2.75	12	11	1	1.28	.500	1.21	.319	.298	.617	6.00	3.25	8.25	1.85	15.03
Sanchez, E 		3	1	30.0	1.80	6	6	1	1.00	.750	0.52	.280	.216	.496	10.50	4.80	4.20	2.19	15.67
Sherrill, G 		3	1	36.0	3.00	12	12	3	1.25	.750	1.03	.313	.346	.659	9.50	3.00	8.25	3.17	16.14
Smith, J 		3	3	67.0	2.01	16	15	1	1.09	.500	1.83	.283	.258	.541	6.04	2.82	6.99	2.14	14.99
Sosa, H 		3	5	53.1	5.23	31	31	7	1.44	.375	1.22	.352	.467	.820	6.41	3.88	9.11	1.65	16.39
Tillman, C 		3	5	62.0	5.52	41	38	5	1.65	.375	0.80	.371	.441	.812	6.68	3.63	11.18	1.84	18.82
White, A 		3	4	51.1	7.01	42	40	15	1.69	.429	1.18	.387	.601	.988	6.49	4.38	10.87	1.48	17.69
Wood, K 		3	5	51.0	3.35	23	19	5	1.29	.375	0.67	.323	.393	.715	10.06	3.71	7.94	2.71	17.29
Ziegler, B 		3	2	58.1	2.16	21	14	0	1.23	.600	3.88	.307	.292	.598	6.79	2.93	8.18	2.32	15.24
Zito, B 		3	4	53.2	5.87	35	35	10	1.40	.429	0.90	.333	.482	.816	5.37	4.02	8.55	1.33	16.16
Axford, J 		2	2	73.2	1.95	19	16	4	1.14	.500	1.18	.276	.281	.557	10.51	3.05	7.21	3.44	16.83
Ayala, L 		2	2	56.0	2.09	17	13	5	1.27	.500	1.34	.336	.372	.708	6.27	3.21	8.20	1.95	15.43
Badenhop, B 		2	3	63.2	4.10	29	29	1	1.40	.400	2.00	.338	.351	.689	7.21	3.39	9.19	2.13	15.77
Baez, D 		2	4	36.0	6.25	28	25	5	1.56	.333	1.61	.362	.449	.811	4.50	3.25	10.75	1.38	16.33
Bard, D 		2	9	73.0	3.33	29	27	5	0.96	.182	1.84	.254	.292	.546	9.12	2.96	5.67	3.08	15.00
Bass, A 		2	0	48.1	1.68	9	9	3	1.28	1.000	1.31	.321	.333	.655	4.47	3.91	7.63	1.14	15.08
Beato, P 		2	1	67.0	4.30	41	32	5	1.28	.667	1.41	.320	.398	.719	5.24	3.63	7.93	1.44	15.30
Bergesen, B 		2	7	101.0	5.70	73	64	16	1.50	.222	1.05	.341	.504	.845	5.44	2.85	10.60	1.91	16.44
Betancourt, R 		2	0	62.1	2.89	21	20	7	0.87	1.000	0.43	.228	.330	.558	10.54	1.16	6.64	9.13	15.42
Boggs, M 		2	3	60.2	3.56	27	24	4	1.37	.400	1.31	.329	.382	.711	7.12	3.12	9.20	2.29	16.02
Burnett, A 		2	5	50.2	5.51	32	31	4	1.40	.286	0.98	.354	.395	.749	5.86	3.73	8.88	1.57	16.91
Byrdak, T 		2	1	37.2	3.82	20	16	3	1.41	.667	0.91	.329	.359	.688	11.23	4.54	8.12	2.47	17.12
Casilla, S 		2	2	51.2	1.74	11	10	1	1.12	.500	1.26	.290	.244	.534	7.84	4.35	5.75	1.80	16.49
Chamberlain, J 		2	0	28.2	2.83	10	9	3	1.05	1.000	1.89	.282	.347	.628	7.53	2.20	7.22	3.43	14.97
Cishek, S 		2	1	54.2	2.63	18	16	1	1.17	.667	1.49	.296	.294	.591	9.05	3.13	7.41	2.89	16.46
Demel, S 		2	2	25.2	4.21	13	12	4	1.71	.500	1.62	.397	.455	.852	5.26	4.56	10.87	1.15	17.10
Durbin, C 		2	2	68.1	5.53	45	42	12	1.64	.500	0.80	.363	.509	.872	7.77	3.42	11.33	2.27	17.91
Escalona, S 		2	1	27.2	2.93	10	9	3	1.27	.667	1.35	.327	.360	.687	8.13	3.58	7.81	2.27	15.29
Eyre, W 		2	2	18.1	3.44	7	7	2	0.93	.500	1.14	.239	.328	.568	4.91	2.45	5.89	2.00	12.93
Feldman, S 		2	1	32.0	3.94	14	14	3	1.09	.667	2.18	.287	.328	.614	6.19	2.81	7.03	2.20	15.91
Feliz, N 		2	3	62.1	2.74	22	19	4	1.16	.400	0.58	.289	.309	.598	7.80	4.33	6.06	1.80	17.05
Fuentes, B 		2	8	58.1	3.70	30	24	6	1.23	.200	0.71	.309	.347	.656	6.48	3.09	8.02	2.10	16.83
Gomes, B 		2	1	37.0	2.92	15	12	3	1.35	.667	0.38	.323	.333	.656	7.78	3.89	8.27	2.00	16.03
Gonzalez, M 		2	2	53.1	4.39	30	26	7	1.35	.500	0.91	.322	.417	.738	8.61	3.54	8.61	2.43	17.91
Grilli, J 		2	1	32.2	2.48	10	9	2	1.19	.667	1.14	.309	.292	.601	10.19	4.13	6.61	2.47	16.56
Guerra, J 		2	2	46.2	2.31	12	12	2	1.18	.500	0.83	.302	.306	.608	7.33	3.47	7.14	2.11	17.46
Hawksworth, B 		2	5	53.0	4.08	29	24	6	1.17	.286	0.93	.286	.365	.651	7.30	2.89	7.64	2.53	16.55
Howell, J 		2	3	30.2	6.16	24	21	5	1.57	.400	1.70	.365	.405	.770	7.63	5.28	8.80	1.44	17.54
Huff, D 		2	6	50.2	4.09	35	23	6	1.42	.250	0.59	.317	.440	.757	6.39	3.02	9.77	2.12	18.14
Jakubauskas, C 		2	2	72.1	5.72	46	46	11	1.69	.500	0.88	.379	.507	.886	6.47	3.61	11.57	1.79	17.96
Jansen, K 		2	1	53.2	2.85	17	17	3	1.04	.667	0.42	.266	.228	.494	16.10	4.36	5.03	3.69	18.30
Jenks, B 		2	2	15.2	6.32	12	11	1	2.23	.500	0.87	.438	.433	.870	9.77	7.47	12.64	1.31	18.64
LeCure, S 		2	1	77.2	3.71	33	32	10	1.00	.667	1.20	.271	.374	.645	8.46	2.43	6.61	3.48	15.48
Lincoln, B 		2	3	47.2	4.72	27	25	4	1.47	.400	1.75	.344	.429	.773	5.48	3.02	10.20	1.81	15.78
Lindstrom, M 		2	2	54.0	3.00	21	18	3	1.22	.500	1.24	.306	.355	.661	6.00	2.33	8.67	2.57	14.94
Lopez, W 		2	6	71.0	2.79	26	22	6	1.27	.250	1.71	.316	.370	.686	7.10	2.28	9.13	3.11	15.52
Lowe, M 		2	3	45.0	3.80	26	19	6	1.44	.400	1.41	.333	.434	.768	8.40	3.80	9.20	2.21	17.22
Lyles, J 		2	8	94.0	5.36	61	56	14	1.41	.200	1.08	.338	.479	.817	6.41	2.49	10.24	2.58	16.74
Marmol, C 		2	6	74.0	4.01	33	33	5	1.38	.250	0.75	.344	.299	.643	12.04	5.84	6.57	2.06	19.73
Mattheus, R 		2	2	32.0	2.81	11	10	1	1.28	.500	1.13	.326	.298	.624	3.38	4.22	7.31	0.80	15.28
Mendoza, L 		2	0	14.2	1.23	3	2	0	1.09	1.000	1.33	.300	.250	.550	4.30	3.07	6.75	1.40	13.77
Mortensen, C 		2	4	58.1	3.86	30	25	9	1.35	.333	1.46	.338	.449	.786	4.63	3.70	8.49	1.25	14.95
Mota, G 		2	2	80.1	3.81	34	34	10	1.26	.500	0.94	.312	.389	.701	8.63	3.36	7.95	2.57	16.43
Moylan, P 		2	1	8.1	3.24	3	3	0	1.80	.667	5.50	.395	.343	.738	10.80	3.24	12.96	3.33	17.88
Nathan, J 		2	1	44.2	4.84	26	24	7	1.16	.667	0.79	.289	.415	.705	8.66	2.82	7.66	3.07	18.29
Noesi, H 		2	2	56.1	4.47	29	28	6	1.51	.500	0.95	.354	.432	.785	7.19	3.51	10.07	2.05	16.99
O'Flaherty, E 		2	4	73.2	0.98	9	8	2	1.09	.333	1.63	.283	.288	.572	8.19	2.57	7.21	3.19	15.53
O'Sullivan, S 		2	6	58.1	7.25	52	47	10	1.78	.250	0.92	.393	.538	.930	2.93	4.01	12.03	0.73	16.29
Patton, T 		2	1	30.0	3.00	10	10	2	1.00	.667	0.49	.254	.313	.567	6.60	1.50	7.50	4.40	15.57
Peacock, B 		2	0	12.0	0.75	1	1	0	1.08	1.000	0.24	.271	.167	.438	3.00	4.50	5.25	0.67	16.75
Perry, R 		2	0	37.0	5.35	25	22	1	1.62	1.000	0.74	.371	.397	.768	5.84	5.11	9.49	1.14	17.22
Pomeranz, D 		2	1	18.1	5.40	11	11	0	1.31	.667	1.17	.329	.371	.700	6.38	2.45	9.33	2.60	14.51
Proctor, S 		2	6	40.1	7.14	34	32	11	2.01	.250	0.70	.423	.594	1.016	6.47	6.92	11.16	0.94	19.64
Putz, J 		2	2	58.0	2.17	15	14	4	0.91	.500	0.85	.242	.324	.566	9.47	1.86	6.36	5.08	14.53
Rapada, C 		2	0	16.1	6.06	11	11	3	1.29	1.000	0.58	.304	.443	.747	9.92	3.86	7.71	2.57	17.45
Rodriguez, F 		2	3	52.1	3.96	24	23	6	1.55	.400	0.61	.372	.409	.781	9.80	5.16	8.77	1.90	18.38
Rzepczynski, M 		2	6	62.0	3.34	27	23	3	1.23	.250	3.26	.315	.308	.623	8.85	3.77	7.26	2.35	15.19
Sale, C 		2	2	71.0	2.79	22	22	6	1.11	.500	1.61	.284	.328	.612	10.01	3.42	6.59	2.93	15.56
Schlereth, D 		2	2	49.0	3.49	20	19	6	1.37	.500	0.88	.344	.355	.699	8.08	5.69	6.61	1.42	17.06
Soriano, R 		2	3	39.1	4.12	18	18	4	1.30	.400	0.65	.319	.326	.645	8.24	4.12	7.55	2.00	16.75
Stewart, Z 		2	6	67.1	5.88	44	44	11	1.60	.250	1.39	.374	.533	.907	6.01	2.41	12.03	2.50	15.97
Strop, P 		2	1	22.0	2.05	5	5	0	1.14	.667	1.69	.295	.224	.519	8.59	4.09	6.14	2.10	17.00
Surkamp, E 		2	2	26.2	5.74	18	17	1	1.84	.500	0.68	.411	.447	.858	4.39	5.74	10.80	0.76	17.70
Talbot, M 		2	6	63.2	6.64	47	47	10	1.85	.250	1.18	.406	.527	.933	5.09	3.96	12.72	1.29	17.50
Tateyama, Y 		2	0	44.0	4.50	23	22	8	1.09	1.000	0.96	.276	.405	.681	8.80	2.25	7.57	3.91	16.68
Teaford, E 		2	1	44.0	3.27	17	16	8	1.14	.667	0.96	.293	.417	.710	5.73	2.86	7.36	2.00	15.07
Thornton, M 		2	5	59.2	3.32	34	22	3	1.36	.286	1.03	.313	.336	.649	9.50	3.17	9.05	3.00	17.80
Uehara, K 		2	3	65.0	2.35	17	17	11	0.72	.400	0.52	.194	.341	.535	11.77	1.25	5.26	9.44	14.42
Valverde, J 		2	4	72.1	2.24	21	18	5	1.19	.333	0.88	.298	.282	.580	8.59	4.23	6.47	2.03	16.73
Veras, J 		2	4	71.0	3.80	32	30	6	1.24	.333	0.68	.304	.332	.636	10.01	4.31	6.85	2.32	17.31
Watson, T 		2	2	41.0	3.95	18	18	6	1.32	.500	0.59	.322	.389	.711	8.12	4.39	7.46	1.85	15.66
Webb, R 		2	4	50.2	3.20	20	18	2	1.34	.333	2.65	.332	.362	.693	5.51	3.55	8.53	1.55	15.00
Wheeler, D 		2	2	49.1	4.38	24	24	7	1.11	.500	0.53	.275	.419	.694	7.11	1.46	8.57	4.88	15.81
Wilhelmsen, T 		2	0	32.2	3.31	13	12	2	1.16	1.000	0.61	.294	.286	.580	8.27	3.58	6.89	2.31	15.55
Wright, J 		2	3	68.1	3.16	26	24	6	1.33	.400	1.96	.338	.375	.713	6.32	3.95	8.03	1.60	15.88
Abad, F 		1	4	19.2	7.32	18	16	5	1.88	.200	0.64	.388	.558	.946	6.86	4.12	12.81	1.67	22.27
Adcock, N 		1	1	60.1	4.62	34	31	5	1.48	.500	1.74	.351	.414	.765	5.37	3.88	9.40	1.38	15.93
Alvarez, H 		1	3	63.2	3.53	26	25	8	1.13	.250	1.75	.295	.422	.717	5.65	1.13	9.05	5.00	15.35
Atchison, S 		1	0	30.1	3.26	11	11	0	1.22	1.000	1.00	.322	.387	.710	5.04	1.78	9.20	2.83	15.66
Axelrod, D 		1	0	18.2	2.89	6	6	1	1.45	1.000	0.84	.341	.357	.699	9.16	4.34	8.68	2.11	16.88
Balester, C 		1	4	35.2	4.54	21	18	7	1.46	.200	0.95	.335	.472	.807	8.58	3.53	9.59	2.43	17.10
Beimel, J 		1	1	25.1	5.33	17	15	6	1.70	.500	1.33	.379	.557	.936	6.04	3.20	12.08	1.89	17.01
Bell, T 		1	1	34.1	3.41	14	13	2	1.43	.500	1.55	.342	.418	.760	4.46	2.62	10.22	1.70	15.26
Berken, J 		1	2	47.0	5.36	29	28	10	1.79	.333	0.87	.383	.561	.943	7.85	4.02	12.06	1.95	18.02
Blanton, J 		1	2	41.1	5.01	23	23	5	1.48	.333	2.07	.354	.485	.839	7.62	1.96	11.32	3.89	14.23
Braden, D 		1	1	18.0	3.00	7	6	2	1.28	.500	0.75	.315	.456	.771	7.50	2.50	9.00	3.00	13.94
Brothers, R 		1	2	40.2	2.88	14	13	4	1.30	.333	1.14	.308	.336	.644	13.06	4.43	7.30	2.95	17.80
Broxton, J 		1	2	12.2	5.68	10	8	2	1.89	.333	1.33	.387	.453	.840	7.11	6.39	10.66	1.11	19.34
Bruney, B 		1	0	19.2	6.86	15	15	4	1.93	1.000	0.95	.422	.558	.981	7.32	5.49	11.90	1.33	20.34
Buchholz, T 		1	1	26.0	3.12	10	9	5	1.12	.500	0.76	.286	.415	.701	9.00	2.42	7.62	3.71	15.77
Burres, B 		1	0	14.0	3.86	6	6	4	1.14	1.000	0.48	.276	.453	.729	6.43	2.57	7.71	2.50	16.64
Carpenter, D 		1	3	27.2	2.93	9	9	3	1.48	.250	1.22	.372	.437	.809	9.43	4.23	9.11	2.23	17.13
Carrasco, D 		1	3	49.1	6.02	35	33	7	1.68	.250	1.27	.403	.508	.910	4.93	2.92	12.22	1.69	17.29
Carreno, J 		1	0	15.2	1.15	2	2	1	0.96	1.000	1.50	.254	.309	.563	8.04	2.30	6.32	3.50	14.11
Cassevah, B 		1	1	39.2	2.72	12	12	1	1.18	.500	3.72	.308	.274	.582	5.45	4.31	6.35	1.26	15.35
Castillo, A 		1	0	11.2	2.31	3	3	0	1.46	1.000	1.17	.360	.390	.750	4.63	5.40	7.71	0.86	15.17
Choate, R 		1	1	24.2	1.82	7	5	3	1.05	.500	2.67	.275	.287	.562	11.31	4.74	4.74	2.38	17.15
Coleman, L 		1	4	59.2	2.87	20	19	9	1.17	.200	0.49	.300	.385	.685	9.65	3.92	6.64	2.46	16.81
Davies, K 		1	9	61.1	6.75	52	46	7	1.79	.100	0.91	.397	.518	.914	7.34	3.82	12.33	1.92	19.22
Davis, D 		1	7	45.2	6.50	38	33	2	1.86	.125	1.02	.397	.404	.802	7.09	5.12	11.63	1.38	18.99
De Fratus, J 		1	0	4.0	2.25	2	1	0	1.00	1.000	1.25	.313	.083	.396	6.75	6.75	2.25	1.00	14.50
Delabar, S 		1	1	7.0	2.57	2	2	1	1.29	.500	0.57	.357	.435	.792	9.00	5.14	6.43	1.75	15.71
Delgado, R 		1	1	35.0	2.83	12	11	5	1.23	.500	0.73	.299	.356	.655	4.63	3.60	7.46	1.29	17.77
Devine, J 		1	1	23.0	3.52	9	9	0	1.26	.500	0.58	.313	.298	.611	7.83	4.30	7.04	1.82	17.74
Diamond, S 		1	5	39.0	5.08	25	22	3	1.74	.167	1.04	.380	.441	.821	4.38	3.92	11.77	1.12	16.26
Dillard, T 		1	1	28.2	4.08	13	13	3	1.05	.500	1.90	.278	.380	.658	8.48	1.26	8.16	6.75	15.56
Dumatrait, P 		1	3	41.1	3.92	22	18	7	1.69	.250	0.78	.368	.454	.822	6.31	5.44	9.80	1.16	18.94
Enright, B 		1	4	37.2	7.41	31	31	11	1.73	.200	0.73	.384	.597	.981	5.02	3.58	11.95	1.40	17.02
Eovaldi, N 		1	2	34.2	3.63	14	14	2	1.38	.333	0.87	.347	.320	.667	5.97	5.19	7.27	1.15	17.16
Eppley, C 		1	1	9.0	8.00	8	8	3	1.78	.500	2.33	.405	.611	1.016	6.00	5.00	11.00	1.20	19.44
Francisco, F 		1	4	50.2	3.55	21	20	7	1.32	.200	0.78	.309	.412	.721	9.41	3.20	8.70	2.94	17.27
Franklin, R 		1	4	27.2	8.46	27	26	9	1.84	.200	1.46	.403	.700	1.103	5.53	2.28	14.31	2.43	17.53
Frieri, E 		1	2	63.0	2.71	21	19	3	1.35	.333	0.29	.342	.351	.692	10.86	4.86	7.29	2.24	17.98
Fulchino, J 		1	4	34.2	5.71	22	22	5	1.70	.200	0.84	.369	.456	.825	8.57	5.71	9.61	1.50	18.49
Garland, J 		1	5	54.0	4.33	26	26	6	1.39	.167	0.98	.342	.427	.769	4.67	3.33	9.17	1.40	15.33
Gaudin, C 		1	1	8.1	6.48	10	6	1	2.40	.500	0.50	.455	.500	.955	10.80	8.64	12.96	1.25	23.52
Gearrin, C 		1	1	18.1	7.85	16	16	0	1.58	.500	2.22	.365	.357	.722	12.27	5.89	8.35	2.08	16.85
Godfrey, G 		1	2	25.0	3.96	14	11	3	1.48	.333	0.85	.342	.457	.799	4.68	1.80	11.52	2.60	17.32
Hagadone, N 		1	0	11.0	4.09	6	5	0	0.91	1.000	0.33	.262	.118	.380	9.00	4.91	3.27	1.83	17.45
Hamburger, M 		1	0	8.0	4.50	4	4	0	1.00	1.000	0.31	.258	.286	.544	6.75	3.38	5.63	2.00	17.50
Hamren, E 		1	0	12.1	4.38	7	6	2	1.54	1.000	0.50	.396	.439	.835	7.30	6.57	7.30	1.11	18.81
Hand, B 		1	8	60.0	4.20	32	28	10	1.47	.111	0.45	.344	.445	.789	5.70	5.25	7.95	1.09	18.07
Hanrahan, J 		1	4	68.2	1.83	17	14	1	1.05	.200	1.33	.267	.276	.543	8.00	2.10	7.34	3.81	14.97
Hendrickson, M 		1	0	11.0	5.73	7	7	1	1.91	1.000	2.57	.420	.535	.955	4.09	4.91	12.27	0.83	19.55
Herndon, D 		1	4	57.0	3.32	26	21	9	1.37	.200	1.76	.339	.435	.774	6.16	3.79	8.53	1.63	15.74
Hoey, J 		1	2	24.2	5.47	20	15	4	1.91	.333	1.11	.398	.544	.942	5.11	4.74	12.41	1.08	18.53
Hughes, D 		1	0	12.2	9.95	14	14	4	2.13	1.000	0.77	.452	.673	1.125	7.82	5.68	13.50	1.38	22.74
Jeffress, J 		1	1	15.1	4.70	8	8	1	1.50	.500	1.82	.354	.352	.706	7.63	6.46	7.04	1.18	19.70
Jepsen, K 		1	2	13.0	7.62	11	11	2	2.31	.333	2.10	.463	.518	.981	4.15	6.23	14.54	0.67	17.46
Jimenez, C 		1	0	6.2	5.40	4	4	0	1.35	1.000	1.33	.300	.259	.559	9.45	4.05	8.10	2.33	18.15
Joaquin, W 		1	0	6.1	4.26	3	3	0	1.42	1.000	2.75	.333	.391	.725	4.26	4.26	8.53	1.00	15.95
Kimball, C 		1	0	14.0	1.93	3	3	0	1.36	1.000	0.40	.339	.239	.578	7.07	7.07	5.14	1.00	19.21
Kintzler, B 		1	1	14.2	3.68	9	6	3	1.16	.500	1.90	.279	.446	.725	9.20	1.84	8.59	5.00	15.61
Kirkman, M 		1	1	27.1	6.59	22	20	5	1.39	.500	0.94	.339	.490	.829	6.91	3.95	8.56	1.75	17.96
Kuo, H 		1	2	27.0	9.00	29	27	4	1.74	.333	0.91	.395	.424	.819	12.00	7.67	8.00	1.57	19.81
League, B 		1	5	61.1	2.79	25	19	3	1.08	.167	1.98	.276	.325	.601	6.60	1.47	8.22	4.50	14.74
Leroux, C 		1	1	25.0	2.88	9	8	0	1.32	.500	0.79	.312	.287	.599	8.64	2.52	9.36	3.43	17.88
Lindblom, J 		1	0	29.2	2.73	9	9	0	1.04	1.000	0.49	.289	.283	.572	8.49	3.03	6.37	2.80	15.67
Lueke, J 		1	1	32.2	6.06	22	22	2	1.44	.500	1.00	.336	.381	.717	7.99	3.58	9.37	2.23	16.87
Lynn, L 		1	1	34.2	3.12	12	12	3	1.04	.500	1.46	.274	.317	.591	10.38	2.86	6.49	3.64	16.24
Marte, L 		1	0	3.2	2.45	1	1	0	1.91	1.000	0.75	.412	.438	.849	7.36	2.45	14.73	3.00	15.55
Martinez, C 		1	3	77.2	3.36	30	29	8	0.97	.250	1.21	.255	.331	.586	6.72	2.20	6.49	3.05	14.20
Mateo, M 		1	2	23.0	4.30	11	11	2	1.48	.333	0.70	.351	.391	.741	9.78	3.91	9.39	2.50	17.04
Matusz, B 		1	9	49.2	10.69	60	59	18	2.11	.100	0.42	.430	.693	1.123	6.89	4.35	14.68	1.58	19.01
Maya, Y 		1	1	32.2	5.23	19	19	3	1.53	.500	1.27	.380	.468	.847	4.13	2.76	11.02	1.50	15.49
Mazzaro, V 		1	1	28.1	8.26	26	26	4	1.91	.500	1.06	.430	.560	.989	3.18	4.76	12.39	0.67	17.44
Meek, E 		1	1	20.2	3.48	11	8	1	1.89	.500	1.10	.394	.368	.762	7.40	5.23	11.76	1.42	18.29
Mills, B 		1	2	18.1	9.82	20	20	4	1.91	.333	0.71	.407	.545	.952	8.84	5.89	11.29	1.50	20.51
Milone, T 		1	0	26.0	3.81	11	11	2	1.23	1.000	0.69	.318	.424	.742	5.19	1.38	9.69	3.75	15.81
Misch, P 		1	0	7.0	10.29	8	8	1	2.14	1.000	1.00	.432	.563	.995	6.43	5.14	14.14	1.25	19.57
Moore, M 		1	0	9.1	2.89	3	3	1	1.29	1.000	0.86	.300	.351	.651	14.46	2.89	8.68	5.00	18.11
Morales, F 		1	2	46.1	3.69	21	19	6	1.27	.333	0.64	.319	.438	.757	8.16	3.69	7.77	2.21	16.64
Moskos, D 		1	1	24.1	2.96	11	8	0	1.56	.500	1.54	.358	.365	.723	4.07	3.33	10.73	1.22	15.74
Neshek, P 		1	1	24.2	4.01	12	11	4	1.66	.500	0.67	.378	.364	.742	7.30	8.03	6.93	0.91	19.34
Ohlendorf, R 		1	3	38.2	8.15	38	35	9	1.94	.250	1.00	.429	.618	1.047	6.28	3.49	13.97	1.80	17.15
Ohman, W 		1	3	53.1	4.22	26	25	8	1.31	.250	0.96	.322	.423	.745	9.11	2.87	8.94	3.18	17.12
Okajima, H 		1	0	8.1	4.32	4	4	0	1.44	1.000	2.00	.343	.300	.643	6.48	5.40	7.56	1.20	19.32
Olson, G 		1	1	4.1	2.08	1	1	0	1.15	.500	1.40	.250	.125	.375	8.31	6.23	4.15	1.33	17.54
Ortiz, R 		1	2	33.1	4.86	20	18	6	1.26	.333	0.80	.300	.441	.741	6.75	2.97	8.37	2.27	15.69
Oviedo, J 		1	4	64.1	4.06	30	29	8	1.21	.200	0.60	.296	.395	.691	7.69	2.94	7.97	2.62	16.12
Palmer, M 		1	1	15.2	5.74	11	10	0	1.47	.500	1.53	.348	.419	.767	4.02	2.30	10.91	1.75	16.09
Pena, R 		1	1	20.1	6.20	15	14	2	1.72	.500	0.96	.372	.434	.806	7.52	4.43	11.07	1.70	16.82
Perez, J 		1	0	5.0	3.60	2	2	0	1.20	1.000	0.75	.286	.063	.348	14.40	9.00	1.80	1.60	16.80
Pestano, V 		1	2	62.0	2.32	16	16	5	1.05	.333	0.85	.272	.305	.577	12.19	3.48	5.95	3.50	16.02
Purcey, D 		1	2	33.2	5.61	21	21	2	1.78	.333	0.83	.387	.375	.762	5.88	7.22	8.82	0.81	20.17
Putnam, Z 		1	1	7.1	6.14	5	5	1	1.36	.500	0.63	.353	.563	.915	11.05	0.00	12.27	-	15.55
Ramirez, H 		1	0	9.0	6.00	7	6	1	2.00	1.000	3.50	.450	.568	1.018	4.00	2.00	16.00	2.00	14.67
Reynolds, M 		1	2	50.2	4.09	24	23	10	1.30	.333	0.86	.314	.505	.820	8.88	3.20	8.53	2.78	16.58
Rivera, M 		1	2	61.1	1.91	13	13	3	0.90	.333	1.23	.247	.288	.534	8.80	1.17	6.90	7.50	14.92
Rodriguez, A 		1	6	85.1	5.27	57	50	13	1.35	.143	0.45	.320	.453	.773	6.75	3.38	8.75	2.00	17.09
Romero, J 		1	0	24.2	4.01	14	11	1	1.74	1.000	1.79	.386	.398	.784	6.93	5.47	10.22	1.27	18.08
Ruffin, C 		1	0	17.2	4.08	8	8	4	1.53	1.000	0.43	.346	.493	.839	9.17	4.58	9.17	2.00	19.75
Runzler, D 		1	2	27.1	6.26	21	19	0	1.65	.333	1.38	.375	.359	.734	8.23	5.27	9.55	1.56	18.18
Russell, A 		1	2	32.2	3.03	13	11	2	1.56	.333	1.58	.372	.369	.741	3.58	5.51	8.54	0.65	17.79
Russell, J 		1	6	67.2	4.12	37	31	12	1.33	.143	0.73	.319	.492	.812	5.72	1.86	10.11	3.07	16.30
Schwimer, M 		1	1	14.1	5.02	8	8	2	1.53	.500	0.56	.371	.463	.834	10.05	4.40	9.42	2.29	17.93
Severino, A 		1	0	4.2	3.86	2	2	1	1.29	1.000	0.50	.316	.500	.816	13.50	1.93	9.64	7.00	18.64
Shaw, B 		1	0	28.1	2.54	9	8	2	1.34	1.000	2.29	.344	.355	.699	7.62	2.54	9.53	3.00	17.29
Stammen, C 		1	1	10.1	0.87	1	1	0	0.68	.500	1.11	.184	.088	.272	10.45	3.48	2.61	3.00	14.42
Strasburg, S 		1	1	24.0	1.50	5	4	0	0.71	.500	0.88	.195	.202	.398	9.00	0.75	5.63	12.00	13.67
Street, H 		1	4	58.1	3.86	28	25	10	1.22	.200	0.67	.305	.476	.781	8.49	1.39	9.57	6.11	15.82
Teheran, J 		1	1	19.2	5.03	11	11	4	1.47	.500	0.55	.341	.487	.828	4.58	3.66	9.61	1.25	17.90
Thompson, R 		1	3	54.0	3.00	18	18	5	1.22	.250	0.80	.291	.346	.637	9.33	3.33	7.67	2.80	17.00
Torres, A 		1	1	8.0	3.38	4	3	0	1.88	.500	1.33	.410	.290	.701	10.13	7.88	9.00	1.29	20.13
Valdez, W 		1	0	1.0	0.00	0	0	0	0.00	1.000	0.00	.250	.000	.250	0.00	0.00	0.00	-	10.00
Vasquez, A 		1	6	29.1	8.90	35	29	13	1.91	.143	0.90	.407	.733	1.140	3.99	3.07	14.11	1.30	18.99
Vasquez, E 		1	1	30.1	4.15	16	14	2	1.32	.500	0.74	.333	.354	.687	5.93	3.86	8.01	1.54	16.52
Villarreal, B 		1	1	16.0	6.75	12	12	3	1.94	.500	1.38	.413	.508	.921	7.88	5.63	11.81	1.40	19.88
Vizcaino, A 		1	1	17.1	4.67	9	9	1	1.44	.500	0.36	.338	.299	.636	8.83	4.67	8.31	1.89	18.58
Waldrop, K 		1	0	11.0	5.73	7	7	1	1.45	1.000	3.83	.327	.326	.652	4.09	4.91	8.18	0.83	16.18
Willis, D 		1	6	75.2	5.00	42	42	6	1.52	.143	1.67	.355	.389	.743	6.78	4.40	9.28	1.54	16.32
Young, C 		1	0	24.0	1.88	5	5	3	0.96	1.000	0.26	.255	.293	.548	8.25	4.13	4.50	2.00	16.50
Abreu, J 		0	0	6.2	2.70	2	2	1	1.35	-	1.00	.412	.423	.835	16.20	4.05	8.10	4.00	21.60
Ascanio, J 		0	0	6.1	7.11	5	5	2	1.89	-	1.33	.387	.586	.973	7.11	2.84	14.21	2.50	17.37
Asencio, J 		0	0	10.1	6.97	11	8	1	2.03	-	1.56	.404	.511	.914	6.97	4.35	13.94	1.60	18.39
Atkins, M 		0	0	10.2	8.44	10	10	5	2.25	-	0.60	.446	.765	1.211	5.91	2.53	17.72	2.33	21.66
Augenstein, B 		0	1	5.2	9.53	7	6	1	2.47	.000	0.43	.484	.667	1.151	9.53	4.76	17.47	2.00	19.94
Bailey, A 		0	4	41.2	3.24	18	15	3	1.10	.000	0.69	.272	.359	.631	8.86	2.59	7.34	3.42	16.80
Beck, C 		0	0	2.1	0.00	0	0	0	0.43	-	1.00	.125	.125	.250	11.57	0.00	3.86	-	10.71
Below, D 		0	2	29.0	4.34	16	14	2	1.34	.000	1.15	.317	.342	.660	4.34	3.41	8.69	1.27	16.69
Berg, J 		0	0	12.0	3.75	5	5	1	1.42	-	2.00	.365	.432	.797	4.50	4.50	8.25	1.00	15.25
Betances, D 		0	0	2.2	6.75	2	2	0	2.63	-	0.20	.500	.125	.625	6.75	20.25	3.38	0.33	26.62
Billings, B 		0	0	7.0	10.29	10	8	1	2.71	-	1.00	.500	.594	1.094	9.00	7.71	16.71	1.17	21.86
Blevins, J 		0	0	28.1	2.86	14	9	2	1.34	-	0.84	.325	.363	.688	8.26	4.45	7.62	1.86	15.28
Bowden, M 		0	0	20.0	4.05	9	9	3	1.50	-	0.43	.333	.367	.700	7.65	4.95	8.55	1.55	18.85
Boyer, B 		0	2	6.2	10.80	8	8	2	2.10	.000	2.40	.469	.733	1.202	1.35	1.35	17.55	1.00	17.85
Brach, B 		0	2	7.0	5.14	5	4	0	2.29	.000	0.43	.447	.300	.747	14.14	9.00	11.57	1.57	22.43
Brackman, A 		0	0	2.1	0.00	0	0	0	1.71	-	0.80	.308	.100	.408	0.00	11.57	3.86	0.00	23.57
Braddock, Z 		0	1	17.1	7.27	15	14	2	1.56	.000	0.52	.354	.403	.757	9.35	5.71	8.31	1.64	20.94
Brazoban, Y 		0	0	6.0	6.00	4	4	1	2.00	-	1.00	.419	.462	.881	12.00	6.00	12.00	2.00	20.17
Breslow, C 		0	2	59.1	3.79	29	25	4	1.52	.000	0.69	.357	.416	.773	6.67	3.19	10.47	2.10	17.29
Broderick, B 		0	1	12.1	6.57	9	9	0	1.54	.000	1.67	.375	.380	.755	2.92	2.19	11.68	1.33	15.41
Buente, J 		0	1	5.0	9.00	6	5	0	2.40	.000	2.25	.464	.545	1.010	3.60	9.00	12.60	0.40	19.40
Bulger, J 		0	1	9.1	0.96	4	1	2	1.71	.000	1.50	.372	.364	.736	6.75	9.64	5.79	0.70	18.64
Burton, J 		0	0	4.2	3.86	2	2	1	1.93	-	1.20	.409	.579	.988	5.79	5.79	11.57	1.00	20.36
Bush, D 		0	1	37.1	5.79	27	24	6	1.50	.000	1.15	.360	.454	.814	5.54	2.17	11.33	2.56	15.91
Carignan, A 		0	0	6.1	4.26	4	3	1	1.58	-	0.78	.323	.414	.736	7.11	2.84	11.37	2.50	20.37
Carlyle, B 		0	1	7.2	4.70	4	4	1	1.57	.000	0.44	.353	.370	.723	10.57	8.22	5.87	1.29	18.13
Carpenter, C 		0	0	9.2	2.79	3	3	1	1.97	-	1.00	.404	.474	.878	7.45	6.52	11.17	1.14	20.07
Carpenter, D 		0	0	14.2	7.98	13	13	3	1.77	-	1.00	.394	.593	.987	9.82	4.30	11.66	2.29	18.20
Cashner, A 		0	0	10.2	1.69	2	2	1	0.66	-	1.67	.179	.171	.351	6.75	3.38	2.53	2.00	13.78
Ceda, J 		0	1	20.1	4.43	11	10	1	1.38	.000	0.86	.318	.289	.608	9.30	5.31	7.08	1.75	17.26
Cedeno, X 		0	0	1.2	27.00	5	5	2	4.20	-	1.00	.636	1.182	1.818	0.00	0.00	37.80	-	21.60
Chavez, J 		0	0	7.2	10.57	9	9	3	2.22	-	2.50	.436	.676	1.112	9.39	5.87	14.09	1.60	20.61
Cleto, M 		0	0	4.1	12.46	6	6	2	2.54	-	1.00	.440	.667	1.107	12.46	8.31	14.54	1.50	24.23
Contreras, J 		0	0	14.0	3.86	6	6	0	1.36	-	1.25	.339	.320	.659	8.36	5.14	7.07	1.63	17.57
Cook, R 		0	1	7.2	7.04	6	6	0	2.48	.000	1.14	.463	.333	.797	8.22	9.39	12.91	0.88	21.13
Cormier, L 		0	1	13.2	9.88	17	15	4	1.98	.000	4.14	.386	.677	1.063	4.61	3.29	14.49	1.40	19.54
Cortes, D 		0	2	10.2	5.91	7	7	1	1.78	.000	0.93	.400	.395	.795	2.53	5.06	10.97	0.50	17.91
Cramer, B 		0	1	8.1	1.08	1	1	1	0.84	.000	1.00	.226	.300	.526	6.48	1.08	6.48	6.00	14.04
Crotta, M 		0	1	10.2	9.28	11	11	2	2.34	.000	2.43	.446	.549	.995	5.91	4.22	16.88	1.40	19.78
Cuddyer, M 		0	0	1.0	0.00	0	0	0	3.00	-	0.50	.500	.600	1.100	0.00	9.00	18.00	0.00	16.00
Daley, M 		0	0	6.0	10.50	7	7	1	1.67	-	0.25	.370	.583	.954	10.50	3.00	12.00	3.50	17.00
De La Cruz, F 		0	0	13.0	2.77	4	4	0	1.15	-	0.93	.309	.234	.543	6.23	3.46	6.92	1.80	18.00
De La Rosa, D 		0	0	7.1	9.82	8	8	1	1.77	-	2.25	.382	.452	.834	9.82	3.68	12.27	2.67	17.59
Deduno, S 		0	0	3.0	3.00	1	1	0	2.67	-	-	.471	.429	.899	12.00	9.00	15.00	1.33	23.00
Del Rosario, E 		0	3	53.0	4.58	30	27	3	1.70	.000	2.38	.378	.365	.743	5.26	5.26	10.02	1.00	17.09
Delaney, R 		0	0	5.0	10.80	6	6	0	2.20	-	0.22	.440	.353	.793	5.40	12.60	7.20	0.43	22.00
Dickson, B 		0	0	8.1	3.24	3	3	2	1.44	-	2.00	.353	.516	.869	7.56	3.24	9.72	2.33	14.88
DiFelice, M 		0	0	3.0	12.00	4	4	1	1.67	-	0.20	.357	.583	.940	9.00	6.00	9.00	1.50	17.33
Dolis, R 		0	0	1.1	0.00	0	0	0	0.75	-	-	.250	.000	.250	6.75	6.75	0.00	1.00	15.00
Doubront, F 		0	0	10.1	6.10	7	7	1	1.94	-	1.33	.426	.526	.952	5.23	6.97	10.45	0.75	17.23
Edlefsen, S 		0	0	11.1	9.53	12	12	2	2.38	-	4.20	.467	.571	1.038	4.76	7.94	13.50	0.60	20.38
Ekstrom, M 		0	0	1.0	0.00	0	0	0	1.00	-	1.00	.250	.250	.500	9.00	0.00	9.00	-	12.00
Elbert, S 		0	1	33.1	2.43	9	9	1	1.23	.000	0.80	.302	.309	.611	9.18	3.78	7.29	2.43	16.50
Ely, J 		0	1	12.2	4.26	6	6	2	1.50	.000	1.00	.339	.449	.788	9.24	4.97	8.53	1.86	18.16
Escalona, E 		0	0	25.2	1.75	5	5	3	0.94	-	0.56	.245	.341	.586	4.91	2.45	5.96	2.00	15.19
Farquhar, D 		0	0	2.0	13.50	4	3	0	3.00	-	1.00	.545	.625	1.170	4.50	9.00	18.00	0.50	21.50
Fiers, M 		0	0	2.0	0.00	0	0	0	2.50	-	2.00	.500	.286	.786	9.00	13.50	9.00	0.67	21.00
Figueroa, N 		0	3	29.0	8.69	33	28	3	2.10	.000	0.94	.421	.492	.913	5.28	4.97	13.97	1.06	19.00
Fisher, C 		0	3	24.0	4.50	15	12	3	1.50	.000	0.87	.343	.389	.732	6.38	4.13	9.38	1.55	17.04
Garrison, S 		0	0	0.2	0.00	0	0	0	0.00	-	0.00	.000	.000	.000	0.00	0.00	0.00	-	13.50
Gaub, J 		0	0	2.2	6.75	2	2	0	1.50	-	1.50	.333	.300	.633	10.13	6.75	6.75	1.50	19.87
Germano, J 		0	1	12.2	5.68	8	8	1	1.58	.000	0.65	.373	.442	.815	3.55	3.55	10.66	1.00	16.34
Gonzalez, E 		0	0	2.0	9.00	2	2	0	3.00	-	3.00	.545	.500	1.045	4.50	4.50	22.50	1.00	17.00
Gonzalez, E 		0	0	9.0	10.00	10	10	1	2.11	-	0.47	.432	.600	1.032	3.00	7.00	12.00	0.43	20.89
Gordon, B 		0	1	10.1	5.23	6	6	3	1.45	.000	0.56	.378	.550	.928	3.48	2.61	10.45	1.33	15.29
Gray, J 		0	1	48.1	4.28	23	23	4	1.51	.000	1.51	.346	.413	.758	4.28	3.91	9.68	1.10	15.62
Green, S 		0	1	11.2	5.40	8	7	0	1.71	.000	2.22	.357	.380	.737	5.40	4.63	10.80	1.17	17.14
Gregg, K 		0	3	59.2	4.37	35	29	7	1.64	.000	1.00	.369	.404	.773	7.99	6.03	8.75	1.33	19.94
Gutierrez, J 		0	0	18.1	5.40	16	11	3	1.69	-	1.06	.356	.438	.793	11.29	4.42	10.80	2.56	18.49
Hacker, E 		0	0	5.1	0.00	1	0	0	1.50	-	2.00	.364	.294	.658	3.38	6.75	6.75	0.50	20.63
Harrell, L 		0	2	18.0	4.50	12	9	0	1.72	.000	1.60	.376	.333	.710	7.50	4.00	11.50	1.88	20.22
Hatcher, C 		0	0	10.1	6.97	8	8	2	1.74	-	1.00	.375	.585	.960	6.97	3.48	12.19	2.00	19.35
Hendriks, L 		0	2	23.1	6.17	16	16	3	1.50	.000	1.13	.350	.516	.866	6.17	2.31	11.19	2.67	16.16
Herrera, D 		0	1	9.2	4.66	6	5	1	1.66	.000	1.88	.381	.526	.907	4.66	2.79	12.10	1.67	15.00
Herrera, K 		0	1	2.0	13.50	3	3	1	1.00	.000	1.00	.375	.857	1.232	0.00	0.00	9.00	-	16.00
Hill, R 		0	0	8.0	0.00	0	0	0	0.75	-	0.57	.233	.115	.349	13.50	3.38	3.38	4.00	16.25
Horst, J 		0	0	15.1	2.93	6	5	2	1.57	-	0.89	.348	.468	.816	5.28	3.52	10.57	1.50	18.91
Hottovy, T 		0	0	4.0	6.75	3	3	0	1.75	-	1.25	.421	.400	.821	4.50	6.75	9.00	0.67	18.00
Hughes, J 		0	1	11.0	4.09	5	5	1	1.18	.000	6.67	.289	.341	.630	8.18	3.27	7.36	2.50	17.27
James, C 		0	0	10.1	6.10	7	7	1	1.55	-	0.22	.348	.415	.762	6.97	3.48	10.45	2.00	20.13
Johnson, A 		0	0	4.0	9.00	5	4	0	2.25	-	3.00	.474	.438	.911	6.75	6.75	13.50	1.00	23.25
Judy, J 		0	0	14.0	7.07	11	11	4	1.57	-	0.50	.400	.661	1.061	6.43	2.57	11.57	2.50	18.21
Kazmir, S 		0	0	1.2	27.00	5	5	1	4.20	-	0.67	.643	1.000	1.643	0.00	10.80	27.00	0.00	37.80
Kelley, S 		0	0	12.2	0.00	0	0	0	0.79	-	0.59	.213	.205	.417	7.11	2.13	4.97	3.33	13.11
Kelly, D 		0	0	0.1	0.00	0	0	0	0.00	-	0.00	.000	.000	.000	0.00	0.00	0.00	-	15.00
Kinney, J 		0	0	17.2	6.62	13	13	1	1.70	-	2.22	.395	.486	.881	10.19	3.57	11.72	2.86	17.43
Kluber, C 		0	0	4.1	8.31	4	4	0	2.08	-	1.25	.440	.300	.740	10.38	6.23	12.46	1.67	20.54
Kohn, M 		0	1	12.1	7.30	10	10	6	1.86	.000	0.35	.400	.680	1.080	6.57	6.57	10.22	1.00	19.62
Kontos, G 		0	0	6.0	3.00	2	2	1	1.17	-	0.22	.292	.333	.625	9.00	4.50	6.00	2.00	15.00
Kroenke, Z 		0	1	4.0	9.00	4	4	1	1.75	.000	2.00	.368	.556	.924	6.75	2.25	13.50	3.00	17.75
Ledezma, W 		0	0	6.0	15.00	10	10	1	3.00	-	0.33	.500	.679	1.179	9.00	10.50	16.50	0.86	25.33
Lewis, R 		0	0	5.0	9.00	8	5	1	2.80	-	0.67	.516	.704	1.220	9.00	3.60	21.60	2.50	28.40
Lidge, B 		0	2	19.1	1.40	3	3	0	1.50	.000	2.00	.353	.282	.635	10.71	6.05	7.45	1.77	17.53
Lindsay, S 		0	0	6.0	12.00	8	8	1	2.67	-	0.71	.471	.621	1.091	9.00	7.50	16.50	1.20	25.00
Locke, J 		0	3	16.2	6.48	12	12	3	1.86	.000	0.86	.416	.538	.954	2.70	5.40	11.34	0.50	17.64
Magnuson, T 		0	0	14.2	6.14	11	10	3	1.36	-	0.62	.308	.450	.758	6.75	3.07	9.20	2.20	16.98
Maier, M 		0	0	1.0	0.00	0	0	0	1.00	-	0.50	.250	.500	.750	0.00	0.00	9.00	-	16.00
Maine, S 		0	0	7.0	10.29	8	8	4	2.29	-	1.67	.432	.844	1.276	6.43	6.43	14.14	1.00	22.43
Maloney, M 		0	3	18.2	9.16	21	19	7	2.14	.000	0.68	.432	.750	1.182	6.27	1.93	17.36	3.25	19.39
Manship, J 		0	0	3.1	8.10	3	3	0	2.70	-	0.33	.474	.692	1.166	5.40	10.80	13.50	0.50	24.90
Marquez, J 		0	0	4.0	2.25	1	1	0	1.25	-	0.83	.278	.389	.667	4.50	0.00	11.25	-	15.50
Mathieson, S 		0	0	5.0	0.00	0	0	0	2.40	-	0.50	.519	.455	.973	9.00	5.40	16.20	1.67	22.40
McAllister, Z 		0	1	17.2	6.11	16	12	1	1.87	.000	0.76	.393	.468	.860	7.13	3.57	13.25	2.00	19.19
McCoy, M 		0	0	1.0	0.00	0	0	0	0.00	-	0.50	.000	.000	.000	0.00	0.00	0.00	-	12.00
McDonald, D 		0	0	1.0	18.00	2	2	0	3.00	-	2.00	.500	.500	1.000	0.00	18.00	9.00	0.00	24.00
McGowan, D 		0	2	21.0	6.43	15	15	4	1.57	.000	1.47	.354	.469	.823	8.57	5.57	8.57	1.54	17.90
Medlen, K 		0	0	2.1	0.00	0	0	0	0.43	-	0.67	.125	.125	.250	7.71	0.00	3.86	-	9.86
Mickolio, K 		0	0	6.2	6.75	5	5	0	1.95	-	0.50	.406	.464	.871	9.45	4.05	13.50	2.33	18.30
Mijares, J 		0	2	49.0	4.59	31	25	4	1.69	.000	0.60	.377	.420	.797	5.51	5.51	9.73	1.00	19.27
Miller, J 		0	0	7.0	2.57	2	2	0	1.00	-	0.31	.241	.304	.546	6.43	5.14	3.86	1.25	16.57
Miller, T 		0	1	21.1	3.80	9	9	2	1.73	.000	0.79	.390	.476	.866	5.06	5.06	10.55	1.00	18.33
Mitre, S 		0	1	38.1	4.46	23	19	3	1.38	.000	1.69	.329	.403	.732	3.76	3.29	9.16	1.14	14.79
Norberto, J 		0	0	6.2	8.10	6	6	0	2.25	-	0.67	.457	.346	.803	5.40	9.45	10.80	0.57	21.00
O'Connor, M 		0	1	6.2	2.70	2	2	0	1.20	.000	0.50	.310	.240	.550	10.80	4.05	6.75	2.67	16.65
O'Day, D 		0	1	16.2	5.40	10	10	7	1.32	.000	0.88	.329	.600	.929	9.72	2.70	9.18	3.60	16.50
Oliver, A 		0	1	9.2	6.52	7	7	3	1.97	.000	0.35	.429	.632	1.060	4.66	7.45	10.24	0.63	19.55
Oliveros, L 		0	0	21.1	4.64	11	11	0	1.50	-	1.00	.352	.321	.672	5.48	4.64	8.86	1.18	18.23
Padilla, V 		0	0	8.2	4.15	4	4	0	1.38	-	4.00	.333	.323	.656	9.35	5.19	7.27	1.80	17.19
Parker, J 		0	0	5.2	0.00	0	0	0	0.88	-	0.78	.250	.263	.513	1.59	1.59	6.35	1.00	12.88
Paterson, J 		0	3	34.0	2.91	11	11	1	1.26	.000	1.50	.322	.304	.626	7.41	3.97	7.41	1.87	17.53
Pendleton, L 		0	0	18.2	6.75	14	14	6	1.66	-	0.26	.371	.603	.974	6.27	5.30	9.64	1.18	19.07
Petersen, B 		0	0	1.0	0.00	0	0	0	1.00	-	0.00	.250	.000	.250	0.00	9.00	0.00	0.00	18.00
Phillips, Z 		0	0	8.0	1.13	1	1	1	1.00	-	0.89	.242	.355	.597	9.00	2.25	6.75	4.00	16.50
Ramos, C 		0	1	43.2	3.92	22	19	4	1.40	.000	1.31	.335	.335	.670	6.39	5.15	7.42	1.24	16.63
Reed, A 		0	0	7.1	3.68	3	3	1	1.50	-	0.25	.333	.469	.802	14.73	1.23	12.27	12.00	18.68
Reineke, C 		0	1	6.2	6.75	6	5	2	1.65	.000	0.88	.400	.478	.878	4.05	8.10	6.75	0.50	16.35
Reyes, D 		0	0	1.2	16.20	3	3	0	2.40	-	2.00	.600	.333	.933	5.40	10.80	10.80	0.50	23.40
Richards, G 		0	2	14.0	5.79	11	9	4	1.64	.000	1.14	.371	.618	.989	5.79	4.50	10.29	1.29	18.07
Richmond, S 		0	0	0.1	0.00	0	0	0	0.00	-	0.00	.000	.000	.000	0.00	0.00	0.00	-	18.00
Rodriguez, F 		0	0	13.2	4.61	7	7	2	1.32	-	1.00	.305	.407	.712	4.61	3.29	8.56	1.40	16.02
Roenicke, J 		0	0	16.2	3.78	7	7	1	1.26	-	0.70	.324	.333	.657	6.48	3.78	7.56	1.71	16.62
Rosario, S 		0	0	3.2	2.45	1	1	0	1.91	-	2.00	.389	.438	.826	4.91	4.91	12.27	1.00	17.73
Rupe, J 		0	0	14.1	5.65	9	9	5	1.53	-	2.89	.364	.569	.933	4.40	3.77	10.05	1.17	17.86
Sanabia, A 		0	0	11.0	3.27	4	4	2	1.45	-	0.50	.333	.578	.911	6.55	2.45	10.64	2.67	16.09
Sanit, A 		0	0	7.0	12.86	10	10	0	2.14	-	1.25	.450	.471	.921	5.14	3.86	15.43	1.33	22.43
Santiago, H 		0	0	5.1	0.00	0	0	0	0.38	-	1.80	.111	.059	.170	3.38	1.69	1.69	2.00	12.19
Savery, J 		0	0	2.2	0.00	0	0	0	0.37	-	2.00	.125	.125	.250	6.75	0.00	3.38	-	10.87
Schumaker, S 		0	0	1.0	18.00	2	2	1	2.00	-	0.00	.400	1.000	1.400	18.00	9.00	9.00	2.00	21.00
Schwinden, C 		0	2	21.0	4.71	13	11	1	1.38	.000	0.92	.323	.417	.739	7.29	2.57	9.86	2.83	17.05
Scribner, E 		0	0	14.0	7.07	11	11	1	1.57	-	0.88	.344	.467	.810	6.43	2.57	11.57	2.50	16.29
Slama, A 		0	0	2.1	0.00	0	0	0	0.86	-	0.33	.222	.000	.222	11.57	7.71	0.00	1.50	22.71
Slaten, D 		0	2	16.1	4.41	10	8	3	2.14	.000	1.50	.434	.603	1.036	7.16	4.96	14.33	1.44	17.45
Slowey, K 		0	8	59.1	6.67	44	44	10	1.40	.000	0.53	.337	.531	.868	5.16	0.76	11.83	6.80	15.34
Smith, J 		0	0	20.0	7.20	16	16	3	2.00	-	0.90	.436	.634	1.070	5.85	3.60	14.40	1.63	16.40
Sonnanstine, A 		0	2	35.2	5.55	22	22	10	1.46	.000	1.23	.351	.555	.906	3.03	3.03	10.09	1.00	15.06
Spence, J 		0	2	29.2	2.73	9	9	2	1.11	.000	0.68	.287	.220	.507	9.40	5.76	4.25	1.63	16.08
Stetter, M 		0	0	7.0	5.14	4	4	2	1.29	-	0.17	.333	.556	.889	9.00	1.29	10.29	7.00	20.57
Stevens, J 		0	0	7.0	5.14	4	4	1	1.57	-	1.14	.387	.429	.816	5.14	9.00	5.14	0.57	20.86
Stinson, J 		0	2	13.0	6.92	10	10	1	1.62	.000	1.33	.375	.449	.824	5.54	4.85	9.69	1.14	18.15
Stults, E 		0	0	12.0	6.00	8	8	4	1.25	-	0.50	.302	.500	.802	5.25	3.00	8.25	1.75	16.00
Tallet, B 		0	2	13.1	9.45	15	14	4	2.18	.000	1.13	.431	.661	1.092	6.75	4.73	14.85	1.43	22.43
Tazawa, J 		0	0	3.0	6.00	2	2	1	1.33	-	0.25	.308	.667	.974	12.00	3.00	9.00	4.00	18.00
Tejeda, R 		0	1	7.1	6.14	5	5	2	2.05	.000	0.38	.429	.613	1.041	2.45	3.68	14.73	0.67	19.09
Texeira, K 		0	0	6.1	2.84	2	2	0	2.53	-	1.38	.457	.419	.876	0.00	4.26	18.47	0.00	18.79
Thatcher, J 		0	0	10.0	4.50	5	5	1	1.50	-	0.67	.341	.324	.665	8.10	6.30	7.20	1.29	18.40
Thayer, D 		0	3	10.1	3.48	4	4	0	1.16	.000	1.50	.293	.436	.729	4.35	0.00	10.45	-	14.61
Thomas, B 		0	1	11.0	9.00	12	11	1	2.09	.000	0.67	.429	.545	.974	5.73	4.91	13.91	1.17	19.18
Thompson, A 		0	0	7.2	7.04	6	6	2	2.48	-	1.10	.475	.647	1.122	1.17	7.04	15.26	0.17	20.09
Thompson, D 		0	1	3.0	15.00	5	5	0	3.67	.000	1.25	.550	.500	1.050	0.00	15.00	18.00	0.00	26.33
Tobin, M 		0	0	5.1	6.75	5	4	1	1.88	-	0.86	.458	.500	.958	0.00	8.44	8.44	0.00	17.63
Tomko, B 		0	1	17.2	4.58	9	9	4	1.42	.000	0.75	.347	.525	.872	7.13	5.09	7.64	1.40	16.36
Troncoso, R 		0	0	22.2	6.75	18	17	5	1.85	-	1.47	.412	.602	1.014	5.56	1.59	15.09	3.50	15.57
Tucker, R 		0	0	5.0	7.20	5	4	1	2.00	-	2.67	.400	.524	.924	7.20	7.20	10.80	1.00	19.20
Turner, J 		0	1	12.2	8.53	13	12	3	1.66	.000	1.00	.367	.537	.904	5.68	2.84	12.08	2.00	19.03
Valdes, R 		0	1	12.0	3.00	4	4	1	1.67	.000	0.58	.382	.417	.798	11.25	4.50	10.50	2.50	20.33
Valdez, J 		0	0	14.0	9.00	14	14	2	1.71	-	2.13	.385	.482	.867	9.64	4.50	10.93	2.14	18.79
Valdez, M 		0	0	4.1	6.23	3	3	2	1.85	-	0.17	.381	.650	1.031	12.46	2.08	14.54	6.00	19.62
van den Hurk, R 		0	0	9.0	8.00	9	8	4	2.22	-	0.29	.457	.757	1.213	7.00	8.00	12.00	0.88	22.00
Varvaro, A 		0	2	24.0	2.63	7	7	3	1.08	.000	0.57	.277	.317	.594	8.63	4.13	5.63	2.09	16.17
Villanueva, E 		0	1	3.0	24.00	8	8	1	3.33	.000	0.75	.550	.857	1.407	6.00	15.00	15.00	0.40	30.67
Viola, P 		0	0	3.2	9.82	4	4	3	2.18	-	0.60	.400	.941	1.341	9.82	4.91	14.73	2.00	26.45
Wagner, N 		0	0	5.0	7.20	7	4	1	1.80	-	1.50	.417	.550	.967	7.20	5.40	10.80	1.33	21.00
Walters, P 		0	0	5.0	7.20	4	4	1	1.20	-	0.83	.286	.333	.619	7.20	5.40	5.40	1.33	20.20
Weiland, K 		0	3	24.2	7.66	22	21	5	1.66	.000	0.94	.381	.505	.886	4.74	4.38	10.58	1.08	18.04
Weinhardt, R 		0	0	1.2	10.80	2	2	0	2.40	-	3.00	.444	.778	1.222	5.40	0.00	21.60	-	16.80
Whelan, K 		0	0	1.2	5.40	1	1	0	3.00	-	1.00	.500	.000	.500	5.40	27.00	0.00	0.20	25.80
Wilk, A 		0	0	13.1	5.40	10	8	3	1.28	-	0.50	.298	.481	.780	6.75	2.03	9.45	3.33	18.23
Williams, R 		0	1	8.1	6.48	6	6	0	1.80	.000	1.11	.385	.424	.809	6.48	5.40	10.80	1.20	17.04
Wood, T 		0	3	8.0	5.63	5	5	1	2.00	.000	0.67	.421	.393	.814	2.25	9.00	9.00	0.25	15.63
Worrell, M 		0	0	2.0	36.00	8	8	2	4.00	-	0.00	.571	1.083	1.655	13.50	9.00	27.00	1.50	23.00
Wright, W 		0	0	12.0	1.50	2	2	1	0.92	-	1.44	.250	.333	.583	8.25	3.75	4.50	2.20	14.83
Wuertz, M 		0	0	33.2	6.68	25	25	5	1.87	-	1.36	.403	.462	.865	8.55	6.95	9.89	1.23	19.43
Zagurski, M 		0	0	3.1	5.40	2	2	1	2.10	-	1.00	.412	.571	.983	10.80	8.10	10.80	1.33	24.30
