Arrieta, J 		22	6	229.0	1.77	52	45	10	0.86	.786	1.76	.236	.271	.507	9.28	1.89	5.90	4.92	15.01
Keuchel, D 		20	8	232.0	2.48	68	64	17	1.02	.714	2.29	.262	.314	.575	8.38	1.98	7.18	4.24	15.05
Cole, G 		19	8	208.0	2.60	71	60	11	1.09	.704	1.33	.287	.336	.623	8.74	1.90	7.92	4.59	15.57
Greinke, Z 		19	3	222.2	1.66	43	41	14	0.84	.864	1.21	.231	.276	.507	8.08	1.62	5.98	5.00	14.55
McHugh, C 		19	7	203.2	3.89	89	88	19	1.28	.731	1.10	.315	.390	.705	7.56	2.34	9.15	3.23	15.91
Bumgarner, M 		18	9	218.1	2.93	73	71	21	1.01	.667	0.87	.263	.349	.612	9.65	1.61	7.46	6.00	15.17
Hernandez, F 		18	9	201.2	3.53	80	79	23	1.18	.667	1.74	.301	.381	.682	8.52	2.59	8.03	3.29	15.07
Price, D 		18	5	220.1	2.45	70	60	17	1.08	.783	0.88	.271	.350	.621	9.19	1.92	7.76	4.79	15.38
Lewis, C 		17	9	204.2	4.66	114	106	26	1.24	.654	0.58	.308	.430	.738	6.24	1.85	9.28	3.38	15.54
Wacha, M 		17	7	181.1	3.38	74	68	19	1.21	.708	1.06	.300	.373	.672	7.59	2.88	8.04	2.64	16.20
Kershaw, C 		16	7	232.2	2.13	62	55	15	0.88	.696	1.35	.237	.284	.521	11.64	1.62	6.31	7.17	14.58
Buehrle, M 		15	8	198.2	3.81	100	84	22	1.24	.652	1.19	.311	.440	.751	4.12	1.49	9.69	2.76	14.24
Richards, G 		15	12	207.1	3.65	94	84	20	1.24	.556	1.59	.305	.359	.664	7.64	3.30	7.86	2.32	15.68
Carrasco, C 		14	12	183.2	3.63	75	74	18	1.07	.538	1.52	.277	.369	.646	10.58	2.11	7.55	5.02	15.12
Colon, B 		14	13	194.2	4.16	94	90	25	1.24	.519	0.95	.304	.437	.741	6.29	1.11	10.03	5.67	13.90
De La Rosa, R 		14	9	188.2	4.67	103	98	32	1.36	.609	1.42	.325	.457	.781	7.16	3.01	9.21	2.38	15.98
deGrom, J 		14	8	191.0	2.54	59	54	16	0.98	.636	1.02	.255	.318	.574	9.66	1.79	7.02	5.39	15.58
Eovaldi, N 		14	3	154.1	4.20	72	72	10	1.45	.824	1.37	.339	.377	.716	7.06	2.86	10.21	2.47	17.09
Gray, S 		14	7	208.0	2.73	71	63	17	1.08	.667	1.40	.273	.316	.590	7.31	2.55	7.18	2.86	14.80
Martinez, C 		14	7	179.2	3.01	65	60	13	1.29	.667	1.77	.320	.367	.687	9.22	3.16	8.42	2.92	15.83
Salazar, D 		14	10	185.0	3.45	79	71	23	1.13	.583	0.97	.286	.387	.673	9.49	2.58	7.59	3.68	16.48
Scherzer, M 		14	12	228.2	2.79	74	71	27	0.92	.538	0.73	.242	.358	.600	10.86	1.34	6.93	8.12	14.69
Estrada, M 		13	8	181.0	3.13	67	63	24	1.04	.619	0.56	.269	.364	.633	6.51	2.73	6.66	2.38	16.09
Gallardo, Y 		13	11	184.1	3.42	76	70	15	1.42	.542	1.46	.331	.399	.729	5.91	3.32	9.42	1.78	17.50
Hamels, C 		13	8	212.1	3.65	88	86	22	1.19	.619	1.23	.300	.369	.669	9.11	2.63	8.05	3.47	15.74
Harvey, M 		13	8	189.1	2.71	62	57	18	1.02	.619	1.06	.265	.344	.609	8.94	1.76	7.42	5.08	14.78
Hutchison, D 		13	5	150.1	5.57	103	93	22	1.48	.722	0.85	.352	.473	.825	7.72	2.63	10.72	2.93	16.70
Lackey, J 		13	10	218.0	2.77	71	67	21	1.21	.565	1.02	.303	.376	.679	7.22	2.19	8.71	3.30	14.34
Sale, C 		13	11	208.2	3.41	88	79	23	1.09	.542	0.93	.282	.368	.649	11.82	1.81	7.98	6.52	15.92
Shields, J 		13	7	202.1	3.91	93	88	33	1.33	.650	1.13	.327	.450	.776	9.61	3.60	8.41	2.67	16.49
Simon, A 		13	12	187.0	5.05	112	105	24	1.44	.520	1.04	.342	.466	.808	5.63	3.27	9.67	1.72	16.36
Ventura, Y 		13	8	163.1	4.08	75	74	14	1.30	.619	1.72	.319	.378	.698	8.60	3.20	8.49	2.69	16.23
Volquez, E 		13	9	200.1	3.55	89	79	16	1.31	.591	1.03	.320	.372	.692	6.96	3.23	8.54	2.15	16.46
Zimmermann, J 		13	10	201.2	3.66	89	82	24	1.20	.565	0.97	.305	.394	.699	7.32	1.74	9.10	4.21	15.39
Archer, C 		12	13	212.0	3.23	85	76	19	1.14	.480	0.99	.282	.331	.613	10.70	2.80	7.43	3.82	16.27
Heston, C 		12	11	177.2	3.95	82	78	16	1.31	.522	1.76	.331	.397	.728	7.14	3.24	8.56	2.20	15.71
Jimenez, U 		12	10	184.0	4.11	89	84	20	1.36	.545	1.37	.330	.397	.728	8.22	3.33	8.90	2.47	16.63
Liriano, F 		12	7	186.2	3.38	75	70	15	1.21	.632	1.68	.298	.332	.631	9.88	3.38	7.47	2.93	15.98
Lynn, L 		12	11	175.1	3.03	66	59	13	1.37	.522	1.02	.330	.378	.708	8.57	3.49	8.83	2.46	17.41
Pineda, M 		12	10	160.2	4.37	83	78	21	1.23	.545	1.35	.301	.451	.752	8.74	1.18	9.86	7.43	15.86
Tanaka, M 		12	7	154.0	3.51	66	60	25	0.99	.632	1.23	.254	.420	.674	8.12	1.58	7.36	5.15	14.87
Wood, A 		12	12	189.2	3.84	86	81	15	1.36	.500	1.35	.332	.392	.724	6.60	2.80	9.40	2.36	15.34
Bauer, T 		11	12	176.0	4.55	90	89	23	1.31	.478	0.82	.319	.394	.713	8.69	4.04	7.77	2.15	16.30
Chen, W 		11	8	191.1	3.34	78	71	28	1.22	.579	0.95	.302	.456	.758	7.20	1.93	9.03	3.73	15.73
Cueto, J 		11	13	212.0	3.44	87	81	21	1.13	.458	0.99	.288	.387	.675	7.47	1.95	8.24	3.83	15.42
Dickey, R 		11	11	214.1	3.91	97	93	25	1.19	.500	1.01	.303	.405	.708	5.29	2.56	8.19	2.07	15.23
Gibson, K 		11	11	194.2	3.84	88	83	18	1.29	.500	1.61	.317	.381	.698	6.70	3.01	8.60	2.23	16.62
Gonzalez, G 		11	8	175.2	3.79	79	74	8	1.42	.579	1.50	.336	.374	.711	8.66	3.54	9.27	2.45	16.78
Happ, J 		11	8	172.0	3.61	71	69	16	1.27	.579	0.90	.308	.391	.698	7.90	2.35	9.05	3.36	16.51
Haren, D 		11	9	187.1	3.60	79	75	31	1.13	.550	0.58	.289	.444	.734	6.34	1.83	8.36	3.47	15.51
Hughes, P 		11	9	155.1	4.40	76	76	29	1.29	.550	0.74	.311	.501	.812	5.45	0.93	10.66	5.88	14.52
Koehler, T 		11	14	187.1	4.08	96	85	22	1.37	.440	1.08	.331	.408	.739	6.58	3.70	8.65	1.78	15.89
Leake, M 		11	10	192.0	3.70	80	79	22	1.16	.524	1.58	.293	.393	.686	5.58	2.30	8.16	2.43	14.34
Lester, J 		11	12	205.0	3.34	83	76	16	1.12	.478	1.29	.288	.373	.661	9.09	2.06	8.03	4.40	15.54
Miley, W 		11	11	193.2	4.46	98	96	17	1.37	.500	1.37	.325	.416	.740	6.83	2.97	9.34	2.30	16.49
Nelson, J 		11	13	177.1	4.11	89	81	18	1.29	.458	1.45	.322	.382	.704	7.51	3.30	8.27	2.28	15.74
Ramirez, E 		11	6	163.1	3.75	73	68	16	1.13	.647	1.09	.292	.363	.655	6.94	2.20	7.99	3.15	14.75
Samardzija, J 		11	13	214.0	4.96	122	118	29	1.29	.458	0.83	.319	.446	.765	6.86	2.06	9.59	3.33	15.60
Strasburg, S 		11	7	127.1	3.46	56	49	14	1.11	.611	0.96	.278	.375	.653	10.96	1.84	8.13	5.96	16.04
Teheran, J 		11	8	200.2	4.04	99	90	27	1.31	.579	0.87	.325	.412	.737	7.67	3.27	8.48	2.34	16.32
Tillman, C 		11	11	173.0	4.99	97	96	20	1.39	.500	0.95	.332	.430	.763	6.24	3.33	9.16	1.88	17.01
Walker, T 		11	8	169.2	4.56	92	86	25	1.20	.579	0.83	.302	.415	.717	8.33	2.12	8.65	3.93	15.50
Young, C 		11	6	123.1	3.06	44	42	16	1.09	.647	0.39	.270	.370	.640	6.06	3.14	6.64	1.93	16.10
Anderson, B 		10	9	180.1	3.69	82	74	18	1.33	.526	3.04	.324	.402	.726	5.79	2.30	9.68	2.52	15.06
Garcia, J 		10	6	129.2	2.43	37	35	6	1.05	.625	2.15	.274	.299	.574	6.73	2.08	7.36	3.23	14.32
Hammel, J 		10	7	170.2	3.74	79	71	23	1.16	.588	0.90	.289	.425	.714	9.07	2.11	8.33	4.30	16.12
Kelly, J 		10	6	134.1	4.82	76	72	15	1.44	.625	1.27	.341	.428	.769	7.37	3.28	9.71	2.24	17.70
Rodriguez, E 		10	6	121.2	3.85	55	52	13	1.29	.625	1.05	.312	.389	.701	7.25	2.74	8.88	2.65	16.51
Ross, T 		10	12	196.0	3.26	78	71	9	1.31	.455	2.21	.322	.330	.652	9.73	3.86	7.90	2.52	16.47
Sanchez, A 		10	10	157.0	4.99	89	87	29	1.28	.500	0.88	.308	.459	.768	7.91	2.81	8.71	2.82	16.13
Burnett, A 		9	7	164.0	3.18	64	58	11	1.36	.563	1.64	.336	.381	.716	7.85	2.69	9.55	2.92	15.24
De La Rosa, J 		9	7	149.0	4.17	73	69	17	1.36	.563	1.66	.325	.413	.739	8.09	3.93	8.28	2.06	16.50
DeSclafani, A 		9	13	184.2	4.05	93	83	17	1.35	.409	1.05	.328	.414	.742	7.36	2.68	9.45	2.75	15.77
Gonzalez, M 		9	12	144.2	4.91	81	79	24	1.40	.429	0.87	.339	.456	.795	6.78	3.17	9.39	2.14	16.86
Hellickson, J 		9	12	146.0	4.62	79	75	22	1.33	.429	1.09	.318	.462	.781	7.46	2.65	9.31	2.81	16.97
Iwakuma, H 		9	5	129.2	3.54	53	51	18	1.06	.643	1.46	.271	.402	.674	7.70	1.46	8.12	5.29	14.41
Jungmann, T 		9	8	119.1	3.77	55	50	11	1.28	.529	1.26	.323	.380	.703	8.07	3.54	7.99	2.28	17.14
Kennedy, I 		9	15	168.1	4.28	95	80	31	1.30	.375	0.95	.319	.497	.816	9.30	2.78	8.88	3.35	17.29
Kluber, C 		9	16	222.0	3.49	92	86	22	1.05	.360	0.99	.279	.371	.650	9.93	1.82	7.66	5.44	14.74
Milone, T 		9	5	128.2	3.92	64	56	17	1.27	.643	0.98	.307	.424	.731	6.37	2.52	8.95	2.53	16.06
Morton, C 		9	9	129.0	4.81	77	69	13	1.38	.500	2.34	.340	.429	.769	6.70	2.86	9.56	2.34	15.47
Niese, J 		9	10	176.2	4.13	93	81	20	1.40	.474	1.67	.340	.424	.764	5.76	2.80	9.78	2.05	15.29
Odorizzi, J 		9	9	169.1	3.35	65	63	18	1.15	.500	0.83	.284	.396	.680	7.97	2.44	7.92	3.26	16.27
Porcello, R 		9	15	172.0	4.92	103	94	25	1.36	.375	1.21	.332	.455	.787	7.80	1.99	10.26	3.92	15.95
Quintana, J 		9	10	206.1	3.36	81	77	16	1.27	.474	1.20	.315	.408	.722	7.72	1.92	9.51	4.02	16.35
Rodon, C 		9	6	139.1	3.75	63	58	11	1.44	.600	1.16	.348	.377	.725	8.98	4.59	8.40	1.96	17.52
Santiago, H 		9	9	180.2	3.59	80	72	29	1.26	.500	0.47	.307	.416	.723	8.07	3.54	7.77	2.28	17.50
Syndergaard, N 		9	7	150.0	3.24	60	54	19	1.05	.563	1.11	.268	.378	.645	9.96	1.86	7.56	5.35	15.87
Vogelsong, R 		9	11	135.0	4.67	76	70	17	1.47	.450	1.05	.338	.443	.781	7.20	3.87	9.33	1.86	17.11
Bettis, C 		8	6	115.0	4.23	56	54	11	1.41	.571	1.57	.333	.438	.771	7.67	3.29	9.39	2.33	16.37
Colome, A 		8	5	109.2	3.94	50	48	9	1.30	.615	0.78	.323	.375	.698	7.22	2.54	9.19	2.84	15.51
Davis, W 		8	1	67.1	0.94	8	7	3	0.79	.889	0.79	.211	.240	.451	10.43	2.67	4.41	3.90	15.59
Delgado, R 		8	4	72.0	3.25	28	26	7	1.33	.667	0.83	.318	.361	.679	9.13	4.13	7.88	2.21	17.79
Guthrie, J 		8	8	148.1	5.95	101	98	29	1.55	.500	0.67	.363	.515	.878	5.10	2.67	11.29	1.91	16.69
Hendricks, K 		8	7	180.0	3.95	82	79	17	1.16	.533	1.49	.296	.380	.677	8.35	2.15	8.30	3.88	15.52
Hoover, J 		8	2	64.1	2.94	24	21	7	1.17	.800	0.90	.297	.366	.663	7.27	4.34	6.16	1.68	17.39
Hudson, T 		8	9	123.2	4.44	62	61	13	1.38	.471	1.92	.340	.405	.746	4.66	2.69	9.75	1.73	14.99
Locke, J 		8	11	168.1	4.49	95	84	15	1.42	.421	1.51	.337	.398	.735	6.90	3.21	9.57	2.15	16.51
May, T 		8	9	114.2	4.00	53	51	11	1.33	.471	0.77	.321	.431	.752	8.63	2.04	9.97	4.23	16.26
Motte, J 		8	1	48.1	3.91	21	21	4	1.22	.889	0.52	.300	.388	.689	6.33	2.05	8.94	3.09	16.57
Peavy, J 		8	6	110.2	3.58	45	44	12	1.12	.571	0.78	.284	.400	.684	6.34	2.03	8.05	3.12	15.73
Wilson, C 		8	8	132.0	3.89	59	57	13	1.24	.500	0.95	.316	.367	.682	7.50	3.14	8.05	2.39	16.04
Wisler, M 		8	8	109.0	4.71	59	57	16	1.46	.500	0.76	.344	.475	.819	5.94	3.30	9.83	1.80	16.26
Anderson, C 		7	3	91.1	3.05	32	31	9	1.11	.700	1.15	.282	.365	.647	4.34	2.36	7.59	1.83	14.17
Blanton, J 		7	2	76.0	2.84	26	24	7	1.12	.778	1.48	.279	.389	.668	9.36	1.89	8.17	4.94	15.16
Buchholz, C 		7	7	113.1	3.26	48	41	6	1.21	.500	1.29	.303	.361	.664	8.50	1.83	9.05	4.65	15.14
Chavez, J 		7	15	157.0	4.18	78	73	18	1.35	.318	0.99	.320	.410	.730	7.80	2.75	9.40	2.83	16.38
Danks, J 		7	15	177.2	4.71	104	93	24	1.41	.318	0.78	.334	.466	.800	6.28	2.84	9.88	2.21	16.42
Duffy, D 		7	8	136.2	4.08	64	62	15	1.39	.467	0.82	.340	.405	.746	6.72	3.49	9.02	1.92	17.27
Fiers, M 		7	10	180.1	3.69	83	74	24	1.25	.412	0.76	.306	.407	.713	8.98	3.19	8.09	2.81	16.87
Gregerson, L 		7	3	61.0	3.10	24	21	5	0.95	.700	2.16	.253	.320	.573	8.70	1.48	7.08	5.90	14.21
Karns, N 		7	5	147.0	3.67	62	60	19	1.28	.583	0.87	.312	.387	.699	8.88	3.43	8.08	2.59	16.61
Kazmir, S 		7	11	183.0	3.10	77	63	20	1.21	.389	0.97	.303	.374	.678	7.62	2.90	7.97	2.63	16.07
Kela, K 		7	5	60.1	2.39	18	16	4	1.16	.583	1.33	.289	.326	.615	10.14	2.69	7.76	3.78	17.09
Kendrick, K 		7	13	142.1	6.32	102	100	33	1.52	.350	0.95	.359	.565	.924	5.06	2.85	10.88	1.78	15.61
Lincecum, T 		7	4	76.1	4.13	37	35	7	1.48	.636	0.96	.345	.391	.736	7.07	4.48	8.84	1.58	17.33
Martinez, N 		7	7	125.0	3.96	66	55	16	1.45	.500	1.05	.348	.450	.799	5.54	3.31	9.72	1.67	16.95
Maurer, B 		7	4	51.0	3.00	19	17	3	1.06	.636	1.04	.268	.299	.568	6.88	2.65	6.88	2.60	15.49
Perez, W 		7	6	116.2	4.78	66	62	13	1.55	.538	1.37	.372	.437	.809	5.63	3.93	10.03	1.43	16.03
Rodney, F 		7	5	62.2	4.74	36	33	9	1.40	.583	1.73	.348	.429	.776	8.33	4.16	8.47	2.00	17.55
Sanchez, A 		7	6	92.1	3.22	35	33	9	1.28	.538	2.19	.320	.345	.666	5.95	4.29	7.21	1.39	15.69
Santana, E 		7	5	108.0	4.00	50	48	12	1.30	.583	0.97	.318	.411	.729	6.83	3.00	8.67	2.28	15.54
Shoemaker, M 		7	10	135.1	4.46	70	67	24	1.26	.412	0.78	.308	.450	.758	7.71	2.33	8.98	3.31	15.44
Siegrist, K 		7	1	74.2	2.17	20	18	4	1.17	.875	0.59	.291	.313	.605	10.85	4.10	6.39	2.65	17.17
Smith, W 		7	2	63.1	2.70	23	19	5	1.20	.778	0.96	.293	.356	.649	12.93	3.41	7.39	3.79	16.85
Tomlin, J 		7	2	65.2	3.02	22	22	13	0.84	.778	0.80	.227	.415	.642	7.81	1.10	6.44	7.13	14.45
Warren, A 		7	7	131.1	3.29	51	48	10	1.16	.500	1.11	.301	.347	.648	7.13	2.67	7.81	2.67	16.44
Weaver, J 		7	12	159.0	4.64	84	82	24	1.23	.368	0.63	.313	.454	.767	5.09	1.87	9.23	2.73	15.40
Anderson, C 		6	6	152.2	4.30	75	73	18	1.30	.500	1.01	.322	.432	.754	6.54	2.36	9.31	2.78	16.13
Benoit, J 		6	5	65.1	2.34	17	17	7	0.90	.545	1.13	.242	.305	.547	8.68	3.17	4.96	2.74	15.89
Betances, D 		6	4	84.0	1.50	17	14	6	1.01	.600	1.22	.266	.244	.510	14.04	4.29	4.82	3.28	16.31
Bolsinger, M 		6	6	109.1	3.62	49	44	11	1.36	.500	1.56	.324	.381	.705	8.07	3.70	8.56	2.18	16.27
Cashner, A 		6	16	184.2	4.34	111	89	19	1.44	.273	1.22	.342	.430	.772	8.04	3.22	9.75	2.50	16.84
Corbin, P 		6	5	85.0	3.60	34	34	9	1.27	.545	1.49	.310	.433	.743	8.26	1.80	9.64	4.59	14.75
Fernandez, J 		6	1	64.2	2.92	21	21	4	1.16	.857	0.70	.291	.347	.638	10.99	1.95	8.49	5.64	15.34
Garza, M 		6	14	148.2	5.63	102	93	23	1.57	.300	1.15	.357	.475	.832	6.30	3.45	10.65	1.82	16.10
Giles, K 		6	3	70.0	1.80	23	14	2	1.20	.667	0.85	.286	.283	.569	11.19	3.21	7.59	3.48	16.93
Graveman, K 		6	9	115.2	4.05	57	52	15	1.42	.400	1.44	.337	.423	.761	5.99	2.96	9.80	2.03	16.41
Hahn, J 		6	6	96.2	3.35	46	36	5	1.17	.500	1.87	.299	.324	.623	5.96	2.33	8.19	2.56	15.84
Harang, A 		6	15	172.1	4.86	100	93	26	1.39	.286	0.69	.332	.470	.802	5.64	2.66	9.87	2.12	16.50
Heaney, A 		6	4	105.2	3.49	41	41	9	1.20	.600	0.68	.304	.375	.679	6.64	2.38	8.43	2.79	15.57
Howell, J 		6	1	44.0	1.43	9	7	3	1.39	.857	1.84	.332	.341	.673	7.98	2.86	9.61	2.79	17.18
McCullers, L 		6	7	125.2	3.22	49	45	10	1.19	.462	1.25	.296	.362	.659	9.24	3.08	7.59	3.00	16.78
Medlen, K 		6	2	58.1	4.01	30	26	6	1.27	.750	1.19	.313	.392	.705	6.17	2.78	8.64	2.22	15.89
Miller, S 		6	17	205.1	3.02	82	69	13	1.25	.261	1.18	.308	.355	.663	7.50	3.20	8.02	2.34	15.81
Nola, A 		6	2	77.2	3.59	31	31	11	1.20	.750	1.18	.300	.403	.703	7.88	2.20	8.58	3.58	14.38
Nova, I 		6	11	94.0	5.07	54	53	13	1.40	.353	1.34	.339	.454	.793	6.03	3.16	9.48	1.91	16.27
O'Day, D 		6	2	65.1	1.52	13	11	5	0.93	.750	0.60	.257	.283	.540	11.30	1.93	6.47	5.86	16.26
Pelfrey, M 		6	11	164.2	4.26	86	78	11	1.48	.353	1.38	.359	.413	.772	4.70	2.46	10.82	1.91	16.17
Robertson, D 		6	5	63.1	3.41	27	24	7	0.93	.545	0.75	.241	.332	.573	12.22	1.85	6.54	6.62	15.49
Rodriguez, W 		6	4	86.1	4.90	48	47	10	1.56	.600	0.98	.353	.441	.794	7.51	3.75	10.32	2.00	18.46
Rondon, H 		6	4	70.0	1.67	19	13	4	1.00	.600	1.36	.263	.305	.568	8.87	1.93	7.07	4.60	15.41
Rusin, C 		6	10	131.2	5.33	88	78	19	1.60	.375	1.83	.361	.505	.867	5.88	2.80	11.62	2.10	16.32
Sabathia, C 		6	10	167.1	4.73	92	88	28	1.42	.375	1.13	.338	.458	.797	7.37	2.69	10.11	2.74	16.15
Shreve, C 		6	2	58.1	3.09	21	20	10	1.41	.750	1.12	.333	.405	.738	9.87	5.09	7.56	1.94	19.03
Tolleson, S 		6	4	72.1	2.99	25	24	9	1.15	.600	0.96	.287	.388	.675	9.46	2.12	8.21	4.47	16.16
Blazek, M 		5	3	55.2	2.43	17	15	3	1.04	.625	1.11	.267	.290	.557	7.60	2.91	6.47	2.61	15.50
Brach, B 		5	3	79.1	2.72	25	24	7	1.20	.625	1.00	.296	.331	.627	10.10	4.31	6.47	2.34	16.47
Caminero, A 		5	1	74.2	3.62	31	30	7	1.23	.833	1.53	.309	.352	.661	8.80	3.50	7.59	2.52	14.95
Cecil, B 		5	5	54.1	2.48	17	15	4	0.96	.500	1.37	.254	.308	.562	11.60	2.15	6.46	5.38	15.15
Chafin, A 		5	1	75.0	2.76	23	23	3	1.15	.833	1.93	.287	.300	.587	6.96	3.60	6.72	1.93	15.68
Clippard, T 		5	4	71.0	2.92	25	23	8	1.13	.556	0.34	.280	.319	.599	8.11	3.93	6.21	2.06	17.45
Despaigne, O 		5	9	125.2	5.80	82	81	17	1.38	.357	1.66	.340	.463	.802	4.94	2.29	10.17	2.16	16.62
Duffey, T 		5	1	58.0	3.10	20	20	4	1.31	.833	1.35	.318	.384	.702	8.22	3.10	8.69	2.65	15.66
Dyson, S 		5	4	75.1	2.63	26	22	4	1.14	.556	3.23	.295	.308	.603	8.48	2.51	7.77	3.38	14.68
Elias, R 		5	8	115.1	4.14	57	53	15	1.30	.385	1.02	.325	.405	.730	7.57	3.43	8.27	2.20	15.97
Feldman, S 		5	5	108.1	3.90	49	47	13	1.31	.500	1.32	.316	.423	.739	5.07	2.24	9.55	2.26	16.35
Finnegan, B 		5	2	48.0	3.56	19	19	8	1.21	.714	2.10	.304	.409	.713	8.44	3.94	6.94	2.14	15.65
Fister, D 		5	7	103.0	4.19	56	48	14	1.40	.417	1.02	.339	.457	.796	5.50	2.10	10.49	2.63	16.06
Frias, C 		5	5	77.2	4.06	38	35	7	1.47	.500	1.98	.356	.405	.761	4.98	3.01	10.20	1.65	15.21
Godley, Z 		5	1	36.2	3.19	13	13	4	1.25	.833	1.09	.329	.359	.688	8.35	4.17	7.12	2.00	15.65
Hale, D 		5	5	78.1	6.09	56	53	14	1.47	.500	1.40	.341	.520	.861	7.01	2.30	10.91	3.05	16.60
Hardy, B 		5	3	61.1	3.08	23	21	2	1.35	.625	0.80	.321	.383	.704	8.07	3.23	8.95	2.50	15.78
Harris, W 		5	5	71.0	1.90	18	15	8	0.90	.500	1.38	.237	.288	.525	8.62	2.79	5.32	3.09	15.87
Hendriks, L 		5	0	64.2	2.92	23	21	3	1.08	1.000	1.03	.276	.329	.605	9.88	1.53	8.21	6.45	15.99
Jeffress, J 		5	0	68.0	2.65	22	20	5	1.26	1.000	2.23	.316	.350	.666	8.87	2.91	8.47	3.05	15.68
Lohse, K 		5	13	152.1	5.85	99	99	29	1.46	.278	0.98	.345	.502	.847	6.38	2.54	10.63	2.51	16.70
Morgan, A 		5	7	84.1	4.48	45	42	14	1.25	.417	0.54	.311	.465	.775	5.23	1.81	9.39	2.88	14.77
Morris, B 		5	4	63.0	3.14	26	22	3	1.48	.556	2.27	.352	.369	.721	6.71	3.71	9.57	1.81	15.97
Nicolino, J 		5	4	74.0	4.01	33	33	8	1.24	.556	1.01	.321	.437	.758	2.80	2.43	8.76	1.15	14.15
Nolasco, R 		5	2	37.1	6.75	31	28	3	1.71	.714	1.03	.376	.481	.856	8.44	3.38	12.05	2.50	17.81
Peralta, W 		5	10	108.2	4.80	61	58	14	1.54	.333	1.66	.361	.484	.844	4.97	3.06	10.77	1.62	16.14
Pomeranz, D 		5	6	86.0	3.66	44	35	8	1.19	.455	0.93	.297	.354	.651	8.58	3.24	7.43	2.65	16.77
Ray, R 		5	12	127.2	3.52	56	50	9	1.33	.294	0.98	.331	.400	.731	8.39	3.45	8.53	2.43	17.68
Ross, J 		5	5	76.2	3.64	33	31	7	1.11	.500	1.29	.280	.348	.628	8.10	2.47	7.51	3.29	15.04
Salas, F 		5	2	63.2	4.24	34	30	8	1.15	.714	0.78	.288	.429	.716	10.46	1.70	8.62	6.17	16.26
Severino, L 		5	3	62.1	2.89	21	20	9	1.20	.625	1.60	.302	.403	.705	8.09	3.18	7.65	2.55	16.44
Smith, J 		5	5	65.1	3.58	26	26	4	1.27	.500	1.53	.316	.368	.684	7.85	2.62	8.82	3.00	15.24
Smyly, D 		5	2	66.2	3.11	24	23	11	1.17	.714	0.72	.288	.413	.701	10.40	2.70	7.83	3.85	17.04
Torres, C 		5	6	57.2	4.68	32	30	5	1.37	.455	1.52	.326	.416	.743	7.49	2.81	9.52	2.67	15.97
Vargas, J 		5	2	43.0	3.98	20	19	5	1.35	.714	0.73	.322	.418	.740	5.65	2.51	9.63	2.25	15.98
Verlander, J 		5	8	133.1	3.38	56	50	13	1.09	.385	0.57	.277	.357	.634	7.63	2.16	7.63	3.53	16.13
Wilson, J 		5	0	61.0	3.10	21	21	3	1.13	1.000	1.06	.293	.309	.602	9.74	2.95	7.23	3.30	17.18
Wood, T 		5	4	100.2	3.84	48	43	11	1.24	.556	0.73	.301	.362	.663	10.55	3.49	7.69	3.03	17.07
Wright, S 		5	4	72.2	4.09	38	33	12	1.29	.556	0.90	.307	.414	.722	6.44	3.34	8.30	1.93	16.21
Alburquerque, A 		4	1	62.0	4.21	29	29	4	1.55	.800	1.04	.359	.372	.731	8.42	4.79	9.15	1.76	17.37
Alvarez, J 		4	3	67.0	3.49	29	26	5	1.21	.571	1.46	.304	.339	.642	7.93	3.09	7.79	2.57	15.15
Axford, J 		4	5	55.2	4.20	27	26	4	1.58	.444	1.33	.352	.352	.704	10.02	5.17	9.05	1.94	19.22
Baez, P 		4	2	51.0	3.35	22	19	4	1.14	.667	0.78	.288	.405	.693	10.59	1.94	8.29	5.45	16.29
Bastardo, A 		4	1	57.1	2.98	19	19	4	1.13	.800	0.47	.287	.284	.571	10.05	4.08	6.12	2.46	18.44
Boxberger, B 		4	10	63.0	3.71	29	26	9	1.37	.286	0.70	.327	.376	.703	10.57	4.57	7.71	2.31	18.10
Britton, Z 		4	1	65.2	1.92	16	14	3	0.99	.800	7.31	.261	.286	.547	10.83	1.92	6.99	5.64	13.77
Broxton, J 		4	5	60.1	4.62	32	31	7	1.38	.444	1.78	.329	.437	.766	9.40	3.28	9.10	2.86	16.52
Casilla, S 		4	2	58.0	2.79	19	18	6	1.28	.667	1.47	.314	.366	.680	9.62	3.57	7.91	2.70	15.64
Cedeno, X 		4	1	46.0	2.35	13	12	4	1.17	.800	1.53	.296	.318	.614	9.20	2.74	7.83	3.36	16.13
Chapman, A 		4	4	66.1	1.63	13	12	3	1.15	.500	0.59	.291	.235	.527	15.74	4.48	5.83	3.52	17.62
Collmenter, J 		4	6	121.0	3.79	53	51	18	1.26	.400	0.71	.310	.476	.786	4.69	1.79	9.60	2.63	15.91
Conley, A 		4	1	67.0	3.76	28	28	7	1.28	.800	0.77	.318	.405	.723	7.93	2.82	8.73	2.81	16.45
Duensing, B 		4	1	48.2	4.25	24	23	5	1.38	.800	1.33	.343	.398	.741	4.44	3.88	8.51	1.14	16.01
Fields, J 		4	1	50.2	3.55	20	20	2	1.14	.800	0.57	.285	.317	.602	11.90	3.38	6.93	3.53	16.97
Fien, C 		4	6	63.1	3.55	26	25	6	1.09	.400	0.69	.271	.377	.648	5.83	1.14	8.67	5.13	15.55
Foltynewicz, M 		4	6	86.2	5.71	63	55	17	1.63	.400	0.69	.365	.531	.896	8.00	3.01	11.63	2.66	17.09
Garcia, L 		4	6	66.2	3.51	28	26	4	1.64	.400	3.00	.362	.385	.748	8.51	5.00	9.72	1.70	17.30
Gausman, K 		4	7	112.1	4.25	56	53	17	1.23	.364	1.05	.299	.440	.739	8.25	2.32	8.73	3.55	16.70
Gonzalez, C 		4	6	67.0	3.90	33	29	6	1.21	.400	1.21	.301	.331	.632	4.03	4.30	6.58	0.94	15.64
Gott, T 		4	2	47.2	3.02	18	16	2	1.24	.667	1.63	.310	.315	.625	5.10	3.02	8.12	1.69	15.27
Greene, S 		4	8	83.2	6.88	67	64	13	1.55	.333	1.05	.367	.530	.897	5.38	2.90	11.08	1.85	15.97
Hand, B 		4	7	93.1	5.30	55	55	9	1.49	.364	1.26	.352	.432	.784	6.46	3.09	10.32	2.09	16.64
Herrera, K 		4	3	69.2	2.71	23	21	5	1.12	.571	1.09	.281	.298	.578	8.27	3.36	6.72	2.46	15.63
Holland, D 		4	3	58.2	4.91	32	32	11	1.30	.571	1.12	.335	.493	.828	6.29	2.61	9.05	2.41	15.49
Hudson, D 		4	3	67.2	3.86	34	29	7	1.32	.571	0.91	.308	.383	.691	9.44	3.33	8.51	2.84	17.14
Hunter, T 		4	2	60.1	4.18	29	28	7	1.24	.667	1.10	.306	.404	.711	7.01	2.09	9.10	3.36	14.60
Jackson, E 		4	3	55.2	3.07	25	19	4	1.17	.571	0.85	.291	.332	.622	6.47	3.40	7.11	1.90	15.74
Kimbrel, C 		4	2	59.1	2.58	19	17	6	1.04	.667	1.12	.264	.306	.569	13.20	3.34	6.07	3.95	16.99
Kontos, G 		4	4	73.1	2.33	20	19	9	0.94	.500	1.06	.244	.351	.595	5.40	1.47	7.00	3.67	14.36
Latos, M 		4	10	116.1	4.95	67	64	13	1.31	.286	1.15	.314	.429	.742	7.74	2.48	9.28	3.13	15.51
Lorenzen, M 		4	9	113.1	5.40	70	68	18	1.66	.308	1.03	.378	.503	.882	6.59	4.53	10.40	1.46	17.62
Maness, S 		4	2	63.1	4.26	35	30	7	1.42	.667	1.89	.342	.446	.788	6.54	1.85	10.94	3.54	15.28
Masterson, J 		4	2	59.1	5.61	38	37	7	1.60	.667	1.64	.385	.485	.870	7.43	4.10	10.31	1.81	17.02
Matz, S 		4	0	35.2	2.27	9	9	4	1.23	1.000	1.06	.304	.346	.650	8.58	2.52	8.58	3.40	16.15
McAllister, Z 		4	4	69.0	3.00	28	23	7	1.35	.500	0.92	.322	.380	.702	10.96	3.00	9.13	3.65	17.71
Montgomery, M 		4	6	90.0	4.60	49	46	11	1.43	.400	1.53	.338	.416	.754	6.40	3.70	9.20	1.73	16.14
Morales, F 		4	2	62.1	3.18	24	22	4	1.16	.667	1.56	.297	.390	.687	5.92	2.02	8.37	2.93	15.22
Morin, M 		4	2	35.1	6.37	28	25	3	1.27	.667	0.97	.315	.404	.720	10.44	2.29	9.17	4.56	15.68
Owens, H 		4	4	63.0	4.57	35	32	7	1.37	.500	0.60	.327	.399	.726	7.14	3.43	8.86	2.08	16.79
Papelbon, J 		4	3	63.1	2.13	22	15	7	1.03	.571	1.11	.280	.360	.640	7.96	1.71	7.53	4.67	14.23
Petricka, J 		4	3	52.0	3.63	21	21	2	1.42	.571	3.15	.346	.371	.716	5.71	3.12	9.69	1.83	15.19
Phelps, D 		4	8	112.0	4.50	59	56	11	1.36	.333	0.92	.325	.404	.729	6.19	2.65	9.56	2.33	16.59
Richard, C 		4	2	42.1	3.83	18	18	3	1.28	.667	2.59	.304	.410	.714	4.68	1.49	9.99	3.14	14.53
Roark, T 		4	7	111.0	4.38	55	54	17	1.31	.364	1.34	.325	.459	.784	5.68	2.11	9.65	2.69	16.22
Robles, H 		4	3	54.0	3.67	27	22	8	1.02	.571	0.65	.264	.395	.659	10.17	3.00	6.17	3.39	16.48
Rodriguez, F 		4	2	58.2	3.84	27	25	4	1.14	.667	0.98	.282	.307	.589	9.97	3.68	6.60	2.71	16.79
Roe, C 		4	2	41.1	4.14	19	19	4	1.48	.667	1.57	.352	.446	.798	8.27	3.70	9.58	2.24	16.98
Scheppers, T 		4	1	38.1	5.63	25	24	6	1.57	.800	0.86	.352	.426	.778	7.51	5.40	8.69	1.39	17.95
Socolovich, M 		4	1	29.2	1.82	7	6	1	1.18	.800	0.97	.285	.283	.568	8.19	3.03	7.58	2.70	16.58
Stroman, M 		4	0	27.0	1.67	5	5	2	0.96	1.000	2.63	.262	.292	.554	6.00	2.00	6.67	3.00	13.81
Villanueva, C 		4	3	61.0	2.95	21	20	6	1.16	.571	0.79	.293	.384	.677	8.11	3.10	7.38	2.62	15.20
Watson, T 		4	1	75.1	1.91	17	16	3	0.96	.800	1.25	.260	.265	.525	7.41	2.03	6.57	3.65	14.81
Williams, J 		4	12	121.0	5.80	83	78	22	1.61	.250	1.27	.363	.500	.863	5.50	2.53	11.98	2.18	16.35
Worley, V 		4	6	71.2	4.02	36	32	6	1.42	.400	1.15	.339	.422	.761	6.15	2.64	10.17	2.33	15.95
Andriese, M 		3	5	65.2	4.11	32	30	8	1.32	.375	0.95	.317	.411	.728	6.72	2.47	9.46	2.72	16.57
Barnes, M 		3	4	43.0	5.44	28	26	9	1.65	.429	0.89	.371	.517	.887	8.16	3.14	11.72	2.60	18.37
Barrett, A 		3	3	29.1	4.60	15	15	1	1.19	.500	0.85	.309	.327	.636	10.74	2.15	8.59	5.00	16.30
Bellatti, A 		3	1	23.1	2.31	7	6	4	1.11	.750	0.72	.290	.395	.685	6.94	3.86	6.17	1.80	14.83
Bergman, C 		3	1	68.1	4.74	36	36	8	1.42	.750	0.85	.342	.485	.827	4.87	1.98	10.80	2.47	16.39
Boyer, B 		3	6	65.0	2.49	24	18	5	1.25	.333	1.17	.306	.385	.691	4.57	2.63	8.58	1.74	14.37
Brooks, A 		3	4	55.1	6.67	41	41	9	1.57	.429	0.95	.368	.520	.888	6.18	2.28	11.87	2.71	15.99
Butler, E 		3	10	79.1	5.90	57	52	13	1.82	.231	1.78	.407	.546	.952	4.99	4.76	11.57	1.05	17.09
Davies, Z 		3	2	34.0	3.71	14	14	2	1.21	.600	2.22	.297	.317	.614	6.35	3.97	6.88	1.60	15.85
Doubront, F 		3	3	75.1	5.50	50	46	10	1.50	.500	1.14	.352	.466	.818	6.69	3.11	10.39	2.15	16.83
Duke, Z 		3	6	60.2	3.41	26	23	9	1.30	.333	2.42	.325	.398	.724	9.79	4.75	6.97	2.06	17.36
Eickhoff, J 		3	3	51.0	2.65	16	15	5	1.04	.500	0.63	.261	.360	.621	8.65	2.29	7.06	3.77	14.49
Feliz, N 		3	4	48.0	6.38	34	34	5	1.56	.429	0.64	.360	.461	.821	7.31	3.38	10.69	2.17	17.46
Flande, Y 		3	3	68.1	4.74	36	36	14	1.43	.500	2.35	.340	.519	.859	5.66	3.29	9.61	1.72	15.63
Garcia, Y 		3	5	56.2	3.34	23	21	8	0.95	.375	0.36	.249	.346	.595	10.80	1.59	6.99	6.80	14.86
Gilmartin, S 		3	2	57.1	2.67	17	17	2	1.19	.600	0.98	.300	.325	.626	8.48	2.83	7.85	3.00	15.12
Gonzalez, S 		3	3	30.2	7.92	27	27	5	1.66	.500	0.82	.387	.528	.915	8.22	2.05	12.91	4.00	18.03
Grilli, J 		3	4	33.2	2.94	13	11	2	1.13	.429	0.58	.271	.349	.620	12.03	2.67	7.49	4.50	17.55
Grimm, J 		3	5	49.2	1.99	18	11	4	1.15	.375	0.98	.284	.287	.572	12.14	4.71	5.62	2.58	17.52
Hatcher, C 		3	5	39.0	3.69	19	16	4	1.23	.375	0.79	.311	.374	.685	10.38	3.00	8.08	3.46	16.72
Hawkins, L 		3	1	38.2	3.26	16	14	4	1.32	.750	1.41	.317	.416	.732	7.91	1.63	10.24	4.86	14.41
Hernandez, R 		3	5	84.2	4.36	48	41	9	1.37	.375	1.30	.328	.446	.774	4.46	2.76	9.57	1.62	15.56
Holland, G 		3	2	44.2	3.83	20	19	2	1.46	.600	1.39	.342	.350	.692	9.87	5.24	7.86	1.88	16.05
Hughes, J 		3	1	67.0	2.28	21	17	3	1.33	.750	2.62	.345	.375	.720	4.84	2.55	9.40	1.89	14.42
Iglesias, R 		3	7	95.1	4.15	45	44	11	1.14	.300	1.30	.297	.385	.682	9.82	2.64	7.65	3.71	16.43
Jepsen, K 		3	6	69.2	2.33	20	18	5	1.13	.333	0.91	.278	.282	.560	7.62	3.49	6.72	2.19	16.71
Johnson, E 		3	1	35.0	3.34	14	13	8	1.40	.750	0.31	.333	.481	.814	7.71	4.37	8.23	1.76	18.20
Lobstein, K 		3	8	63.2	5.94	43	42	7	1.59	.273	1.49	.361	.469	.829	4.52	3.25	11.03	1.39	15.85
Lyons, T 		3	1	60.0	3.75	29	25	12	1.23	.750	1.00	.298	.453	.751	9.00	2.25	8.85	4.00	15.98
Marcum, S 		3	2	35.0	5.40	21	21	9	1.23	.600	0.74	.310	.515	.825	7.71	2.83	8.23	2.73	16.09
Marquis, J 		3	4	47.1	6.46	37	34	10	1.65	.429	1.27	.371	.546	.917	7.04	2.66	12.17	2.64	16.54
McCarthy, B 		3	0	23.0	5.87	15	15	9	1.22	1.000	1.06	.298	.600	.898	11.35	1.57	9.39	7.25	15.96
Melancon, M 		3	2	76.2	2.23	22	19	4	0.93	.600	1.77	.250	.291	.541	7.28	1.64	6.69	4.43	14.19
Miller, A 		3	2	61.2	2.04	16	14	5	0.86	.600	1.05	.237	.239	.475	14.59	2.92	4.82	5.00	15.66
Miller, J 		3	3	33.1	4.05	15	15	2	0.96	.500	0.64	.248	.305	.553	10.26	2.97	5.67	3.45	15.81
Moore, M 		3	4	63.0	5.43	40	38	9	1.54	.429	0.82	.363	.476	.839	6.57	3.29	10.57	2.00	16.76
Mujica, E 		3	5	47.1	4.75	28	25	10	1.25	.375	0.93	.313	.475	.788	5.70	1.33	9.89	4.29	14.83
Narveson, C 		3	1	30.1	4.45	15	15	7	1.09	.750	0.81	.273	.438	.710	9.49	2.67	7.12	3.56	14.90
Neshek, P 		3	6	54.2	3.62	25	22	8	1.12	.333	0.63	.288	.422	.709	8.40	1.98	8.07	4.25	15.53
Norris, B 		3	11	83.0	6.72	68	62	15	1.58	.214	1.14	.361	.534	.895	7.70	3.36	10.84	2.29	17.63
Norris, D 		3	2	60.0	3.75	31	25	9	1.20	.600	0.81	.296	.436	.732	6.75	2.85	7.95	2.37	17.25
Oberg, S 		3	4	58.1	5.09	35	33	10	1.53	.429	1.79	.371	.468	.839	6.79	4.78	8.95	1.42	17.23
Ogando, A 		3	1	65.1	3.99	29	29	12	1.33	.750	0.89	.325	.451	.776	7.30	3.86	8.13	1.89	17.16
Ohlendorf, R 		3	1	19.1	3.72	8	8	4	1.45	.750	0.81	.329	.468	.797	8.84	3.26	9.78	2.71	20.02
Paxton, J 		3	4	67.0	3.90	34	29	8	1.43	.429	1.16	.323	.381	.704	7.52	3.90	9.00	1.93	16.58
Peralta, J 		3	1	29.0	4.34	14	14	6	1.24	.750	0.61	.298	.442	.740	7.45	2.48	8.69	3.00	16.62
Perez, M 		3	6	78.2	4.46	45	39	3	1.42	.333	2.38	.337	.392	.729	5.49	2.75	10.07	2.00	15.44
Perkins, G 		3	5	57.0	3.32	21	21	9	1.19	.375	0.55	.287	.414	.701	8.53	1.58	9.16	5.40	14.63
Pressly, R 		3	2	27.2	2.93	9	9	0	1.41	.600	1.07	.331	.314	.645	7.16	3.90	8.78	1.83	15.33
Putnam, Z 		3	3	48.2	4.07	24	22	7	1.36	.500	0.95	.337	.398	.734	11.84	4.44	7.77	2.67	17.34
Quackenbush, K 		3	2	58.1	4.01	28	26	6	1.23	.600	1.00	.302	.369	.670	8.95	3.09	8.02	2.90	17.90
Qualls, C 		3	5	49.1	4.38	24	24	6	1.11	.375	1.83	.284	.398	.681	8.39	1.64	8.39	5.11	14.86
Reed, A 		3	3	56.0	3.38	21	21	3	1.38	.500	0.79	.321	.394	.714	8.20	3.05	9.32	2.68	17.04
Shaw, B 		3	3	64.0	2.95	24	21	8	1.22	.500	1.06	.299	.393	.693	7.59	2.67	8.30	2.84	16.31
Sipp, T 		3	4	54.1	1.99	13	12	5	1.03	.429	0.70	.266	.340	.606	10.27	2.48	6.79	4.13	15.70
Soria, J 		3	1	67.2	2.53	20	19	8	1.09	.750	0.98	.281	.347	.628	8.51	2.53	7.32	3.37	17.07
Street, H 		3	3	62.1	3.18	22	22	7	1.16	.500	0.62	.285	.357	.641	8.23	2.89	7.51	2.85	16.48
Strickland, H 		3	3	51.1	2.45	14	14	4	0.86	.500	0.67	.241	.302	.543	8.77	1.75	5.96	5.00	14.34
Tropeano, N 		3	2	37.2	3.82	18	16	2	1.33	.600	0.97	.314	.385	.700	9.08	2.39	9.56	3.80	17.28
Vizcaino, A 		3	1	33.2	1.60	7	6	1	1.19	.750	0.68	.292	.323	.615	9.89	3.48	7.22	2.85	16.51
Wilson, A 		3	3	70.0	2.19	19	17	5	1.03	.500	1.15	.273	.336	.609	4.89	1.41	7.84	3.45	14.49
Wright, M 		3	5	44.2	6.04	30	30	9	1.57	.375	0.81	.368	.520	.887	5.24	3.63	10.48	1.44	17.57
Abad, F 		2	2	47.2	4.15	23	22	11	1.34	.500	0.67	.322	.492	.813	8.50	3.59	8.50	2.37	17.48
Adams, A 		2	0	33.1	3.78	15	14	2	1.50	1.000	1.11	.340	.425	.766	6.21	3.51	9.99	1.77	15.84
Affeldt, J 		2	2	35.1	5.86	24	23	6	1.61	.500	2.07	.362	.456	.818	5.35	3.57	10.95	1.50	15.91
Albers, M 		2	0	37.1	1.21	6	5	3	1.07	1.000	1.50	.275	.324	.599	6.75	2.17	7.47	3.11	15.16
Allen, C 		2	5	69.1	2.99	26	23	2	1.17	.286	0.68	.291	.305	.596	12.85	3.25	7.27	3.96	16.43
Araujo, E 		2	1	34.2	3.38	17	13	1	1.38	.667	1.13	.324	.295	.619	8.83	4.93	7.53	1.79	17.80
Avilan, L 		2	5	53.1	4.05	24	24	6	1.18	.286	1.61	.292	.373	.665	8.27	2.53	8.10	3.27	15.41
Badenhop, B 		2	4	66.1	3.93	30	29	4	1.37	.333	1.00	.322	.385	.706	4.88	2.71	9.63	1.80	15.80
Barraclough, K 		2	1	24.1	2.59	8	7	1	1.23	.667	0.58	.306	.256	.563	11.10	6.66	4.44	1.67	19.07
Beimel, J 		2	1	47.1	3.99	25	21	8	1.37	.667	0.89	.342	.457	.799	4.18	3.04	9.32	1.38	14.77
Betancourt, R 		2	4	39.1	6.18	29	27	4	1.40	.333	0.27	.314	.435	.749	9.15	2.75	9.84	3.33	17.77
Billingsley, C 		2	3	37.0	5.84	26	24	5	1.65	.400	0.96	.380	.497	.877	3.65	1.95	12.89	1.88	15.57
Bradley, A 		2	3	35.2	5.80	23	23	3	1.63	.400	1.60	.375	.393	.768	5.80	5.55	9.08	1.05	18.06
Buchanan, D 		2	9	74.2	6.99	60	58	12	1.85	.182	1.34	.406	.559	.965	5.30	3.50	13.14	1.52	16.47
Burgos, E 		2	2	27.0	4.67	15	14	2	1.56	.500	0.67	.347	.362	.709	13.00	5.00	9.00	2.60	19.04
Cain, M 		2	4	60.2	5.79	39	39	12	1.50	.333	0.85	.352	.545	.897	6.08	2.97	10.53	2.05	16.37
Castro, S 		2	0	10.1	6.10	7	7	0	1.55	1.000	1.63	.378	.359	.737	7.84	4.35	9.58	1.80	18.00
Chacin, J 		2	1	26.2	3.38	11	10	4	1.28	.667	1.43	.309	.420	.729	7.09	3.38	8.10	2.10	15.98
Cishek, S 		2	6	55.1	3.58	26	22	4	1.48	.250	1.33	.343	.377	.720	7.81	4.39	8.95	1.78	17.17
Cosart, J 		2	5	69.2	4.52	35	35	10	1.38	.286	1.81	.330	.432	.762	6.07	4.26	8.14	1.42	16.79
Cunniff, B 		2	2	35.0	4.63	20	18	4	1.40	.500	1.24	.327	.346	.673	9.51	5.66	6.94	1.68	17.43
Delabar, S 		2	0	29.1	5.22	19	17	5	1.43	1.000	1.00	.336	.464	.800	9.20	4.30	8.59	2.14	18.51
Diaz, J 		2	1	60.1	4.18	29	28	9	1.26	.667	1.21	.313	.441	.755	10.44	2.69	8.65	3.89	16.97
Diekman, J 		2	1	58.1	4.01	28	26	5	1.44	.667	1.89	.335	.354	.689	10.65	4.78	8.18	2.23	18.81
Dunn, M 		2	5	54.0	4.50	27	27	6	1.39	.286	0.82	.328	.384	.712	10.83	4.83	7.67	2.24	18.26
Ellington, B 		2	1	25.0	2.88	10	8	1	1.20	.667	0.83	.305	.307	.612	6.48	4.68	6.12	1.38	17.80
Familia, J 		2	2	78.0	1.85	16	16	6	1.00	.500	2.02	.261	.309	.569	9.92	2.19	6.81	4.53	15.04
Geltz, S 		2	6	67.1	3.74	31	28	8	1.05	.250	0.60	.274	.319	.594	8.15	3.48	6.01	2.35	16.41
Givens, M 		2	0	30.0	1.80	7	6	1	0.87	1.000	1.26	.233	.306	.538	11.40	1.80	6.00	6.33	15.53
Gomes, B 		2	6	59.0	4.27	28	28	10	1.19	.250	0.60	.302	.437	.739	6.71	2.29	8.39	2.93	16.03
Gomez, J 		2	3	74.2	3.01	28	25	4	1.33	.400	1.21	.318	.380	.697	6.03	2.05	9.88	2.94	15.71
Gorzelanny, T 		2	2	39.1	5.95	28	26	4	1.73	.500	0.97	.391	.487	.878	8.24	5.26	10.30	1.57	17.14
Grace, M 		2	1	17.0	4.24	11	8	0	2.00	.667	2.18	.417	.438	.855	7.41	4.24	13.76	1.75	18.12
Guerra, D 		2	0	16.2	6.48	12	12	5	1.74	1.000	0.93	.405	.671	1.077	9.18	1.62	14.04	5.67	18.42
Harris, M 		2	1	27.0	3.67	14	11	4	1.59	.667	1.00	.355	.398	.754	5.00	4.33	10.00	1.15	16.15
Hembree, H 		2	0	25.1	3.55	10	10	5	1.34	1.000	0.54	.321	.474	.795	5.33	3.20	8.88	1.67	15.47
Hill, R 		2	1	29.0	1.55	5	5	2	0.66	.667	1.04	.198	.212	.410	11.17	1.55	4.34	7.20	14.97
Hinojosa, D 		2	0	24.2	0.73	3	2	1	1.05	1.000	0.86	.265	.222	.487	8.39	4.01	5.47	2.09	17.39
Jansen, K 		2	1	52.1	2.41	14	14	6	0.78	.667	0.51	.215	.298	.513	13.76	1.38	5.68	10.00	15.19
Janssen, C 		2	5	40.0	4.95	22	22	5	1.15	.286	0.56	.288	.431	.720	6.08	1.80	8.55	3.38	15.10
Jennings, D 		2	3	56.1	3.99	28	25	3	1.40	.400	2.40	.329	.335	.664	7.35	3.83	8.79	1.92	16.67
Johnson, J 		2	6	66.2	4.46	36	33	5	1.46	.250	2.02	.354	.388	.743	6.75	2.70	10.40	2.50	15.81
Jones, N 		2	2	19.0	3.32	7	7	5	0.95	.500	1.45	.257	.438	.695	12.79	2.84	5.68	4.50	14.79
Kelley, S 		2	2	51.1	2.45	18	14	4	1.09	.500	0.79	.273	.323	.596	11.05	2.63	7.19	4.20	15.76
Kensing, L 		2	1	15.1	5.87	10	10	2	1.24	.667	0.78	.297	.375	.672	7.63	4.11	7.04	1.86	16.63
Krol, I 		2	3	28.0	5.79	19	18	4	1.71	.400	1.12	.394	.454	.847	8.36	5.46	9.96	1.53	19.18
Layne, T 		2	1	47.2	3.97	22	21	3	1.43	.667	1.56	.341	.343	.684	8.50	5.10	7.74	1.67	16.74
Liberatore, A 		2	2	29.2	4.25	14	14	3	1.18	.500	1.00	.287	.384	.671	8.80	2.73	7.89	3.22	16.28
Loup, A 		2	5	42.1	4.46	24	21	6	1.28	.286	2.20	.326	.450	.776	9.78	1.49	9.99	6.57	17.08
Lyles, J 		2	5	49.0	5.14	32	28	2	1.49	.286	1.36	.364	.387	.751	5.51	3.49	9.92	1.58	15.65
Machi, J 		2	0	58.0	5.12	35	33	8	1.40	1.000	1.51	.322	.450	.771	6.52	3.41	9.16	1.91	14.95
Martin, C 		2	5	30.2	7.92	27	27	8	1.70	.286	0.71	.388	.602	.990	7.92	3.52	11.74	2.25	16.24
Martin, R 		2	0	12.1	5.11	9	7	4	1.38	1.000	0.86	.321	.531	.852	18.24	3.65	8.76	5.00	20.03
Masset, N 		2	2	25.0	4.68	15	13	3	1.56	.500	1.25	.363	.450	.813	6.48	3.24	10.80	2.00	15.88
Mattheus, R 		2	4	56.0	4.02	31	25	3	1.52	.333	1.48	.349	.398	.748	5.95	2.89	10.77	2.06	16.79
Matzek, T 		2	1	22.0	4.09	10	10	2	1.82	.667	1.10	.426	.397	.823	6.14	7.77	8.59	0.79	18.14
McFarland, T 		2	2	40.1	4.91	26	22	4	1.74	.500	3.00	.372	.441	.814	5.80	4.02	11.60	1.44	17.03
Morrow, B 		2	0	33.0	2.73	10	10	3	1.09	1.000	1.16	.288	.393	.681	6.27	1.91	7.91	3.29	14.67
Neris, H 		2	2	40.1	3.79	19	17	8	1.19	.500	0.79	.308	.465	.772	9.15	2.23	8.48	4.10	16.88
Oberholtzer, B 		2	2	38.1	4.46	21	19	4	1.59	.500	1.41	.365	.447	.811	6.34	3.99	10.33	1.59	17.09
Osich, J 		2	0	28.2	2.20	12	7	4	1.12	1.000	1.18	.269	.364	.633	8.48	2.51	7.53	3.38	16.01
Otero, D 		2	4	46.2	6.75	35	35	7	1.50	.333	1.42	.355	.531	.886	5.40	1.16	12.34	4.67	15.58
Parnell, B 		2	4	24.0	6.38	20	17	0	1.96	.333	1.48	.423	.366	.789	4.88	6.38	11.25	0.76	17.00
Pena, A 		2	1	27.1	4.28	14	13	2	1.39	.667	0.96	.339	.416	.755	8.89	4.61	7.90	1.93	18.26
Perez, O 		2	4	41.0	4.17	24	19	4	1.32	.333	0.80	.319	.362	.681	11.20	3.29	8.56	3.40	17.85
Ramos, A 		2	4	70.1	2.30	18	18	6	1.01	.333	0.81	.268	.294	.562	11.13	3.33	5.76	3.35	15.45
Ramos, C 		2	1	52.1	2.75	17	16	2	1.34	.667	1.28	.335	.350	.685	7.39	2.58	9.46	2.87	15.08
Rasmussen, R 		2	1	15.1	9.98	18	17	2	2.22	.667	0.47	.430	.521	.952	9.98	4.70	15.26	2.13	21.59
Ravin, J 		2	1	9.1	6.75	7	7	3	1.82	.667	1.13	.383	.524	.907	11.57	3.86	12.54	3.00	20.25
Rea, C 		2	2	31.2	4.26	16	15	2	1.26	.500	1.28	.311	.390	.700	7.39	3.13	8.24	2.36	16.58
Rivero, F 		2	1	48.1	2.79	15	15	2	0.95	.667	1.11	.249	.295	.544	8.01	2.05	6.52	3.91	15.74
Rosenthal, T 		2	4	68.2	2.10	16	16	3	1.27	.333	0.87	.308	.312	.619	10.88	3.28	8.13	3.32	17.55
Rosscup, Z 		2	1	26.2	4.39	13	13	5	1.46	.667	0.85	.336	.524	.860	9.79	4.39	8.78	2.23	19.50
Ryan, K 		2	4	56.1	4.47	29	28	9	1.42	.333	1.10	.345	.451	.795	4.79	3.20	9.59	1.50	15.82
Rzepczynski, M 		2	4	35.0	5.66	29	22	3	1.54	.333	4.45	.365	.394	.760	10.54	3.60	10.29	2.93	16.43
Sampson, K 		2	6	52.1	6.54	43	38	7	1.78	.250	0.84	.373	.480	.853	7.22	4.47	11.52	1.62	19.95
Scahill, R 		2	4	30.2	2.64	15	9	3	1.60	.333	2.40	.355	.407	.761	7.04	4.70	9.68	1.50	17.45
Scribner, E 		2	2	60.0	4.35	31	29	14	1.03	.500	0.83	.269	.489	.758	9.60	0.60	8.70	16.00	15.35
Smith, C 		2	5	70.0	2.31	19	18	2	1.01	.286	2.68	.278	.262	.539	11.83	2.83	6.30	4.18	15.26
Soriano, R 		2	0	5.2	6.35	4	4	2	1.59	1.000	0.71	.360	.708	1.068	6.35	1.59	12.71	4.00	18.88
Storen, D 		2	2	55.0	3.44	23	21	4	1.11	.500	0.86	.291	.312	.603	10.96	2.62	7.36	4.19	15.60
Strop, P 		2	6	68.0	2.91	24	22	5	1.00	.250	1.34	.268	.270	.538	10.72	3.84	5.16	2.79	15.56
Tazawa, J 		2	7	58.2	4.14	28	27	5	1.33	.222	0.75	.320	.431	.751	8.59	1.99	9.97	4.31	16.26
Thayer, D 		2	2	37.2	4.06	17	17	5	1.38	.500	0.80	.331	.433	.764	5.97	3.58	8.84	1.67	16.38
Thornton, M 		2	1	41.1	2.18	12	10	2	1.06	.667	0.98	.266	.314	.580	5.01	2.40	7.19	2.09	14.35
Treinen, B 		2	5	67.2	3.86	32	29	4	1.39	.286	3.25	.344	.348	.692	8.65	4.26	8.25	2.03	15.22
Uehara, K 		2	4	40.1	2.23	14	10	3	0.92	.333	0.52	.233	.329	.562	10.49	2.01	6.25	5.22	15.69
Venditte, P 		2	2	28.2	4.40	14	14	3	1.19	.500	0.51	.288	.390	.679	7.22	3.77	6.91	1.92	17.06
VerHagen, D 		2	0	26.1	2.05	6	6	1	1.22	1.000	5.00	.314	.244	.559	4.44	4.78	6.15	0.93	15.49
Wainwright, A 		2	1	28.0	1.61	7	5	0	1.04	.667	1.58	.266	.324	.590	6.43	1.29	8.04	5.00	13.68
Wilhelmsen, T 		2	2	62.0	3.19	24	22	3	1.37	.500	0.92	.332	.364	.696	8.71	4.21	8.13	2.07	17.21
Wilson, T 		2	2	36.0	3.50	14	14	1	1.39	.500	1.50	.342	.415	.757	3.25	2.75	9.75	1.18	14.44
Aardsma, D 		1	1	30.2	4.70	17	16	6	1.27	.500	0.51	.313	.446	.759	10.27	4.11	7.34	2.50	16.04
Adcock, N 		1	2	18.0	6.00	12	12	3	1.50	.333	2.00	.341	.456	.797	6.50	6.00	7.50	1.08	18.78
Alvarez, D 		1	0	3.2	12.27	5	5	2	1.64	1.000	0.29	.444	.733	1.178	4.91	2.45	12.27	2.00	19.09
Atchison, S 		1	1	19.2	6.86	15	15	6	1.37	.500	1.04	.322	.575	.897	5.49	1.83	10.53	3.00	17.19
Balester, C 		1	1	15.2	7.47	13	13	3	1.91	.500	0.32	.403	.516	.919	7.47	7.47	9.77	1.00	17.87
Banuelos, M 		1	4	26.1	5.13	17	15	4	1.59	.200	0.84	.372	.453	.825	6.49	4.10	10.25	1.58	17.85
Bassitt, C 		1	8	86.0	3.56	36	34	5	1.26	.111	1.00	.325	.359	.684	6.70	3.14	8.16	2.13	16.51
Bedrosian, C 		1	0	33.1	5.40	21	20	3	1.77	1.000	0.85	.394	.439	.833	9.18	5.13	10.80	1.79	18.96
Belisle, M 		1	1	33.2	2.67	10	10	1	1.46	.500	1.32	.354	.336	.690	6.68	4.01	9.09	1.67	17.64
Blevins, J 		1	0	5.0	0.00	0	0	0	0.00	1.000	1.20	.000	.000	.000	7.20	0.00	0.00	-	11.00
Boyd, M 		1	6	57.1	7.53	50	48	17	1.59	.143	0.63	.367	.612	.979	6.75	3.14	11.15	2.15	17.49
Brothers, R 		1	0	10.1	1.74	2	2	0	1.65	1.000	2.00	.370	.378	.748	4.35	6.97	7.84	0.63	16.26
Brown, B 		1	3	33.0	4.91	18	18	2	1.45	.250	1.44	.343	.373	.716	5.45	4.36	8.73	1.25	17.39
Cahill, T 		1	3	43.1	5.40	27	26	4	1.38	.250	2.30	.337	.388	.725	7.48	3.32	9.14	2.25	15.67
Capps, C 		1	0	31.0	1.16	5	4	2	0.81	1.000	0.74	.231	.243	.474	16.84	2.03	5.23	8.29	14.35
Carlyle, B 		1	0	8.0	5.63	5	5	0	1.13	1.000	1.13	.281	.379	.661	6.75	1.13	9.00	6.00	14.88
Carroll, S 		1	1	36.2	3.44	19	14	2	1.45	.500	1.82	.348	.427	.774	6.63	3.19	9.82	2.08	16.39
Choate, R 		1	0	27.1	3.95	14	12	2	1.24	1.000	2.24	.345	.375	.720	7.24	1.65	9.55	4.40	14.85
Claudio, A 		1	1	15.2	2.87	6	5	4	1.15	.500	1.62	.288	.474	.762	7.47	3.45	6.89	2.17	16.02
Coleman, L 		1	0	3.0	0.00	0	0	0	1.00	1.000	0.75	.273	.222	.495	3.00	6.00	3.00	0.50	14.00
Cooney, T 		1	0	31.1	3.16	12	11	3	1.21	1.000	0.88	.307	.397	.704	8.33	2.87	8.04	2.90	15.35
Copeland, S 		1	1	15.1	6.46	11	11	1	1.70	.500	1.85	.382	.523	.905	3.52	1.17	14.09	3.00	16.43
Cotham, C 		1	0	9.2	6.52	7	7	4	1.55	1.000	1.38	.341	.651	.992	10.24	0.93	13.03	11.00	18.52
Cotts, N 		1	0	63.1	3.41	26	24	12	1.26	1.000	0.85	.317	.430	.747	8.24	3.13	8.24	2.64	16.93
Detwiler, R 		1	5	58.1	7.25	51	47	10	2.02	.167	1.16	.432	.552	.984	6.33	5.55	12.65	1.14	20.04
Dominguez, J 		1	0	5.2	0.00	0	0	0	0.71	1.000	9.00	.222	.188	.410	7.94	3.18	3.18	2.50	12.71
Doolittle, S 		1	0	13.2	3.95	6	6	1	1.24	1.000	0.56	.298	.353	.651	9.88	3.29	7.90	3.00	18.59
Dull, R 		1	2	17.0	4.24	8	8	4	1.06	.333	0.88	.273	.441	.713	8.47	3.18	6.35	2.67	14.94
Erlin, R 		1	2	17.0	4.76	9	9	1	1.06	.333	1.25	.292	.371	.663	5.29	1.06	8.47	5.00	12.94
Farquhar, D 		1	8	51.0	5.12	33	29	9	1.37	.111	0.96	.326	.492	.818	8.47	3.00	9.35	2.82	16.16
Flores, K 		1	2	12.2	4.97	8	7	0	1.58	.333	0.59	.368	.373	.741	6.39	2.84	11.37	2.25	15.87
Francis, J 		1	2	22.0	6.14	16	15	3	1.64	.333	1.00	.370	.444	.814	8.59	3.68	11.05	2.33	18.18
Frasor, J 		1	0	28.0	1.29	5	4	1	1.61	1.000	0.90	.366	.356	.722	7.07	5.79	8.68	1.22	19.39
Frieri, E 		1	0	23.1	4.63	12	12	6	1.33	1.000	0.44	.320	.477	.797	7.33	4.24	7.71	1.73	16.20
Furbush, C 		1	1	21.2	2.08	6	5	2	0.65	.500	1.13	.198	.216	.414	7.06	2.08	3.74	3.40	13.89
Garcia, J 		1	0	29.2	4.25	19	14	3	1.42	1.000	1.06	.333	.384	.717	6.67	5.16	7.58	1.29	16.62
Goeddel, E 		1	1	33.1	2.43	9	9	1	0.99	.500	0.85	.265	.288	.553	9.18	2.43	6.48	3.78	14.97
Goforth, D 		1	0	24.2	4.01	13	11	4	1.62	1.000	1.14	.367	.495	.862	8.76	2.92	11.68	3.00	16.14
Graham, J 		1	1	63.2	4.95	41	35	10	1.48	.500	1.16	.349	.461	.809	7.49	2.97	10.32	2.52	16.82
Harrison, M 		1	2	16.0	6.75	12	12	3	1.56	.333	0.95	.362	.516	.878	2.81	3.38	10.69	0.83	16.94
Hernandez, D 		1	5	33.2	4.28	18	16	6	1.31	.167	0.83	.329	.450	.778	8.82	2.94	8.82	3.00	17.44
Hochevar, L 		1	1	50.2	3.73	23	21	7	1.28	.500	0.71	.308	.429	.737	8.70	2.84	8.70	3.06	17.19
Holmberg, D 		1	4	28.1	7.62	24	24	10	1.84	.200	0.86	.409	.616	1.025	4.76	5.08	11.44	0.94	18.92
Klein, P 		1	0	17.1	6.75	15	13	4	1.90	1.000	0.95	.384	.513	.897	6.23	5.19	11.94	1.20	20.08
Laffey, A 		1	0	7.1	3.68	3	3	1	1.50	1.000	1.57	.387	.444	.832	3.68	3.68	9.82	1.00	14.32
Lamb, J 		1	5	49.2	5.80	32	32	8	1.55	.167	0.89	.362	.490	.852	10.51	3.44	10.51	3.05	18.36
Liz, R 		1	4	23.1	4.24	11	11	4	1.63	.200	1.11	.387	.451	.837	10.41	4.63	10.03	2.25	16.63
Loewen, A 		1	0	19.1	6.98	15	15	3	1.91	1.000	0.94	.435	.465	.900	10.24	7.91	9.31	1.29	20.33
Lopez, J 		1	0	39.1	1.60	8	7	1	0.89	1.000	2.91	.238	.221	.459	5.95	3.66	4.35	1.63	13.86
Lopez, J 		1	1	10.0	5.40	6	6	0	1.90	.500	1.29	.435	.425	.860	9.00	4.50	12.60	2.00	18.70
Lowe, M 		1	3	55.0	1.96	15	12	4	1.05	.250	0.88	.276	.337	.612	9.98	1.96	7.53	5.08	14.80
Madson, R 		1	2	63.1	2.13	17	15	5	0.96	.333	1.40	.254	.319	.573	8.24	1.99	6.68	4.14	14.18
Manship, J 		1	0	39.1	0.92	4	4	1	0.76	1.000	1.29	.215	.225	.440	7.55	2.29	4.58	3.30	13.98
Mateo, M 		1	1	27.0	4.00	16	12	5	1.15	.500	0.70	.304	.434	.738	11.00	3.00	7.33	3.67	17.67
Matusz, B 		1	4	49.0	2.94	18	16	5	1.18	.200	0.62	.299	.339	.638	10.29	3.67	6.98	2.80	17.00
McGee, J 		1	2	37.1	2.41	11	10	3	0.94	.333	0.70	.245	.299	.544	11.57	1.93	6.51	6.00	16.61
McGowan, D 		1	2	23.1	6.94	21	18	7	2.10	.333	0.92	.415	.531	.946	8.10	7.71	11.19	1.05	20.27
McKirahan, A 		1	0	27.1	5.93	18	18	2	1.83	1.000	1.75	.403	.440	.843	7.24	3.29	13.17	2.20	16.90
Medina, Y 		1	0	21.0	4.71	12	11	2	1.62	1.000	1.04	.351	.442	.792	6.86	4.71	9.86	1.45	18.52
Mejia, J 		1	0	7.1	0.00	0	0	0	0.82	1.000	1.33	.231	.250	.481	8.59	2.45	4.91	3.50	14.32
Moreno, D 		1	0	10.1	5.23	6	6	1	1.16	1.000	0.77	.311	.375	.686	6.97	2.61	7.84	2.67	15.97
Moscot, J 		1	1	11.2	4.63	6	6	2	1.37	.500	0.87	.320	.409	.729	4.63	3.86	8.49	1.20	15.86
Moylan, P 		1	0	10.1	3.48	5	4	1	1.16	1.000	2.43	.273	.364	.636	6.97	0.00	10.45	-	15.29
Nesbitt, A 		1	1	21.2	5.40	14	13	2	1.38	.500	1.00	.354	.386	.740	5.82	3.32	9.14	1.75	17.72
Nicasio, J 		1	3	58.1	3.86	25	25	1	1.56	.250	1.06	.358	.384	.742	10.03	4.94	9.10	2.03	18.57
Nolin, S 		1	2	29.0	5.28	19	17	4	1.62	.333	0.60	.353	.440	.793	4.66	3.72	10.86	1.25	17.21
Nuno, V 		1	5	89.0	3.74	38	37	15	1.26	.167	0.87	.312	.460	.772	8.19	2.22	9.10	3.68	16.31
O'Flaherty, E 		1	2	30.0	8.10	30	27	2	2.17	.333	2.09	.427	.482	.909	6.30	5.40	14.10	1.17	18.57
O'Sullivan, S 		1	6	71.0	6.08	49	48	16	1.61	.143	1.00	.372	.572	.943	4.44	2.54	11.92	1.75	16.62
Olmos, E 		1	0	14.0	4.50	8	7	1	1.71	1.000	1.11	.373	.404	.777	2.57	5.14	10.29	0.50	17.07
Olson, T 		1	1	13.1	5.40	8	8	2	2.10	.500	1.55	.460	.596	1.056	5.40	6.75	12.15	0.80	16.43
Osuna, R 		1	6	69.2	2.58	21	20	7	0.92	.143	0.77	.241	.351	.591	9.69	2.07	6.20	4.69	15.66
Ottavino, A 		1	0	10.1	0.00	0	0	0	0.48	1.000	1.67	.171	.094	.265	11.32	1.74	2.61	6.50	13.74
Parra, M 		1	2	32.1	3.90	15	14	2	1.18	.333	1.16	.295	.380	.675	6.40	1.67	8.91	3.83	15.37
Patton, S 		1	1	24.0	9.00	24	24	5	1.50	.500	1.05	.370	.500	.870	10.50	4.50	9.00	2.33	19.88
Pestano, V 		1	0	11.2	5.40	9	7	3	1.97	1.000	0.21	.400	.551	.951	10.03	6.17	11.57	1.63	21.09
Petit, Y 		1	1	76.0	3.67	32	31	11	1.18	.500	0.57	.289	.454	.743	6.99	1.78	8.88	3.93	14.66
Ramirez, J 		1	2	23.2	5.32	14	14	3	1.52	.333	0.83	.349	.415	.764	6.08	4.18	9.51	1.45	17.45
Ramirez, J 		1	0	7.2	12.91	14	11	0	3.26	1.000	0.73	.538	.615	1.154	5.87	11.74	17.61	0.50	28.04
Ramirez, N 		1	0	14.0	3.21	5	5	1	1.29	1.000	0.59	.300	.385	.685	9.64	3.86	7.71	2.50	17.93
Reyes, J 		1	0	0.1	0.00	0	0	0	0.00	1.000	0.00	.000	.000	.000	0.00	0.00	0.00	-	3.00
Riefenhauser, C 		1	0	14.2	5.52	10	9	3	1.50	1.000	0.94	.361	.509	.870	4.30	4.30	9.20	1.00	17.25
Roberts, K 		1	1	13.2	7.24	11	11	0	1.83	.500	1.20	.406	.483	.889	3.95	1.98	14.49	2.00	17.20
Rodriguez, F 		1	3	57.0	2.21	15	14	6	0.86	.250	1.26	.229	.318	.547	9.79	1.74	6.00	5.64	14.53
Rogers, E 		1	1	33.0	6.27	29	23	5	1.67	.500	0.91	.373	.463	.835	8.45	3.82	11.18	2.21	17.52
Rondon, B 		1	0	31.0	5.81	22	20	3	1.61	1.000	1.11	.366	.403	.770	10.45	5.52	9.00	1.89	18.65
Rumbelow, N 		1	1	15.2	4.02	8	7	2	1.34	.500	0.88	.309	.413	.722	8.62	2.87	9.19	3.00	17.87
Sadler, C 		1	0	5.0	3.60	2	2	1	1.00	1.000	1.25	.263	.500	.763	9.00	1.80	7.20	5.00	15.40
Schlitter, B 		1	2	7.1	7.36	6	6	2	1.91	.333	4.67	.400	.606	1.006	4.91	2.45	14.73	2.00	19.09
Solis, S 		1	1	21.1	3.38	11	8	2	1.36	.500	0.96	.323	.395	.718	7.17	1.69	10.55	4.25	17.11
Stauffer, T 		1	0	20.2	6.97	18	16	6	1.98	1.000	2.67	.420	.685	1.105	6.10	3.92	13.94	1.56	18.63
Stults, E 		1	5	47.2	5.85	31	31	10	1.28	.167	0.86	.316	.520	.836	5.85	2.45	9.06	2.38	15.82
Thatcher, J 		1	3	22.2	3.18	8	8	1	1.54	.250	1.17	.357	.369	.726	10.32	4.76	9.13	2.17	18.13
Thomas, I 		1	1	23.1	3.86	11	10	2	1.33	.500	1.39	.323	.365	.688	8.87	4.24	7.71	2.09	17.44
Thompson, A 		1	3	32.1	5.01	19	18	2	1.33	.250	0.64	.319	.364	.682	4.73	3.06	8.91	1.55	15.59
Tsao, C 		1	1	7.0	10.29	9	8	3	2.57	.500	1.00	.486	.824	1.310	9.00	3.86	19.29	2.33	18.86
Urena, J 		1	5	61.2	5.25	37	36	5	1.59	.167	1.20	.373	.445	.818	4.09	3.65	10.65	1.12	16.17
Velasquez, V 		1	1	55.2	4.37	28	27	5	1.28	.500	0.64	.316	.404	.720	9.38	3.40	8.08	2.76	17.53
Verrett, L 		1	2	47.2	3.59	20	19	6	1.03	.333	0.92	.271	.345	.617	7.36	2.83	6.42	2.60	14.62
Villarreal, P 		1	3	50.0	3.42	24	19	6	1.38	.250	0.95	.340	.438	.778	5.22	2.16	10.26	2.42	15.78
Wada, T 		1	1	32.1	3.62	14	13	5	1.27	.500	1.03	.311	.459	.770	8.63	3.06	8.35	2.82	16.52
Webb, D 		1	0	30.0	6.30	26	21	3	2.10	1.000	1.21	.427	.460	.887	6.60	6.60	12.30	1.00	17.87
Webb, R 		1	0	50.2	3.20	21	18	4	1.14	1.000	2.53	.296	.383	.679	5.51	2.13	8.17	2.58	13.24
Webster, A 		1	1	31.0	5.81	28	20	10	1.68	.500	1.37	.383	.585	.968	4.94	5.81	9.29	0.85	16.68
Whitley, C 		1	2	19.1	4.19	9	9	3	1.29	.333	1.41	.321	.442	.763	7.45	2.33	9.31	3.20	16.71
Yates, K 		1	0	20.1	7.97	18	18	10	1.48	1.000	0.60	.337	.667	1.004	9.30	3.10	10.18	3.00	20.07
Achter, A 		0	1	13.1	6.75	10	10	4	1.35	.000	0.53	.310	.481	.791	9.45	4.05	8.10	2.33	17.10
Albers, A 		0	0	2.2	3.38	1	1	1	1.13	-	1.33	.273	.444	.717	3.38	6.75	3.38	0.50	13.12
Alexander, S 		0	0	6.0	4.50	3	3	0	1.33	-	3.33	.360	.238	.598	4.50	4.50	7.50	1.00	14.33
Almonte, M 		0	2	8.2	6.23	6	6	4	1.62	.000	1.67	.366	.576	.942	10.38	7.27	7.27	1.43	21.35
Alvarez, H 		0	4	22.1	6.45	18	16	1	1.57	.000	2.22	.357	.411	.768	3.63	2.82	11.28	1.29	14.96
Alvarez, R 		0	0	20.0	9.90	23	22	7	2.00	-	0.32	.400	.635	1.035	10.35	5.85	12.15	1.77	19.70
Amarista, A 		0	0	0.1	0.00	0	0	0	0.00	-	0.00	.000	.000	.000	0.00	0.00	0.00	-	6.00
Armstrong, S 		0	0	8.0	2.25	2	2	1	0.88	-	0.71	.233	.357	.590	12.38	2.25	5.63	5.50	16.38
Aro, J 		0	1	10.1	6.97	8	8	2	1.84	.000	0.29	.388	.614	1.001	6.97	3.48	13.06	2.00	17.71
Asher, A 		0	6	29.0	9.31	30	30	8	1.79	.000	0.68	.390	.629	1.019	4.97	3.10	13.03	1.60	17.28
Aumont, P 		0	1	4.0	13.50	6	6	2	3.00	.000	1.67	.522	.813	1.334	6.75	15.75	11.25	0.43	26.00
Axelrod, D 		0	1	12.1	7.30	13	10	5	1.54	.000	0.56	.328	.540	.868	8.76	5.84	8.03	1.50	19.14
Bailey, A 		0	1	8.2	5.19	8	5	2	1.62	.000	0.62	.341	.471	.812	6.23	5.19	9.35	1.20	19.27
Bailey, H 		0	1	11.1	5.56	7	7	3	1.76	.000	2.11	.392	.617	1.009	2.38	3.18	12.71	0.75	15.09
Baker, S 		0	1	11.0	5.73	7	7	4	1.27	.000	1.09	.311	.643	.954	6.55	2.45	9.00	2.67	16.82
Balfour, G 		0	0	4.1	6.23	3	3	1	1.62	-	0.44	.381	.467	.848	0.00	8.31	6.23	0.00	20.54
Barrios, Y 		0	0	6.2	0.00	0	0	0	0.45	-	1.00	.136	.182	.318	9.45	0.00	4.05	-	15.15
Bass, A 		0	0	64.0	4.50	33	32	5	1.34	-	1.33	.323	.433	.756	6.33	2.81	9.28	2.25	16.39
Beachy, B 		0	1	8.0	7.88	7	7	1	2.00	.000	0.80	.421	.531	.952	5.63	6.75	11.25	0.83	20.00
Beck, C 		0	1	6.0	6.00	5	4	0	2.33	.000	1.33	.467	.577	1.044	4.50	6.00	15.00	0.75	16.83
Beeler, D 		0	1	8.1	9.72	11	9	0	2.52	.000	3.50	.457	.462	.918	7.56	7.56	15.12	1.00	20.52
Belisario, R 		0	0	8.0	7.88	7	7	0	1.50	-	8.00	.333	.344	.677	6.75	4.50	9.00	1.50	19.13
Beliveau, J 		0	0	2.2	13.50	4	4	1	2.63	-	0.50	.467	.786	1.252	6.75	3.38	20.25	2.00	24.00
Bochy, B 		0	0	3.0	0.00	0	0	0	0.67	-	0.20	.250	.100	.350	9.00	3.00	3.00	3.00	14.33
Bracho, S 		0	0	12.1	1.46	2	2	2	1.05	-	0.19	.280	.400	.680	12.41	2.92	6.57	4.25	17.43
Breslow, C 		0	4	65.0	4.15	33	30	12	1.42	.000	0.63	.339	.486	.825	6.37	3.18	9.55	2.00	15.83
Brigham, J 		0	1	16.2	8.64	16	16	1	2.16	.000	1.33	.440	.548	.988	6.48	4.32	15.12	1.50	18.48
Broadway, M 		0	2	17.1	5.19	10	10	1	1.56	.000	0.89	.368	.471	.839	6.75	3.63	10.38	1.86	16.73
Buchanan, J 		0	0	9.0	2.00	2	2	1	1.00	-	2.67	.278	.387	.665	5.00	4.00	5.00	1.25	15.22
Burawa, D 		0	0	13.0	6.23	9	9	2	1.23	-	1.89	.315	.391	.706	7.62	3.46	7.62	2.20	16.77
Cabral, C 		0	0	1.0	0.00	0	0	0	1.00	-	-	.333	.000	.333	9.00	9.00	0.00	1.00	15.00
Campos, L 		0	0	1.0	9.00	1	1	0	2.00	-	1.00	.400	.500	.900	9.00	9.00	9.00	1.00	22.00
Capuano, C 		0	4	40.2	7.97	38	36	6	1.82	.000	0.93	.397	.494	.891	8.41	4.87	11.51	1.73	18.32
Carpenter, D 		0	1	24.2	4.01	12	11	4	1.38	.000	0.90	.337	.473	.810	5.47	3.28	9.12	1.67	15.81
Carpenter, D 		0	0	3.2	7.36	3	3	2	1.64	-	0.50	.353	.765	1.118	12.27	0.00	14.73	-	18.00
Castro, A 		0	1	4.0	2.25	1	1	1	2.75	.000	0.75	.524	.611	1.135	9.00	6.75	18.00	1.33	22.00
Castro, M 		0	3	17.2	6.11	13	12	4	1.75	.000	0.55	.373	.563	.937	9.17	5.09	10.70	1.80	16.58
Chamberlain, J 		0	2	27.2	4.88	20	15	6	1.70	.000	1.11	.378	.581	.959	7.48	2.93	12.36	2.56	19.41
Chapman, K 		0	0	5.1	3.38	2	2	1	1.31	-	0.40	.318	.421	.739	13.50	5.06	6.75	2.67	17.25
Chen, B 		0	1	6.1	12.79	9	9	3	2.84	.000	2.25	.514	.853	1.367	5.68	1.42	24.16	4.00	19.42
Cingrani, T 		0	3	33.1	5.67	21	21	3	1.68	.000	0.90	.383	.427	.811	10.53	6.75	8.37	1.56	19.98
Coke, P 		0	0	12.2	5.68	8	8	2	1.58	-	2.43	.357	.520	.877	8.53	3.55	10.66	2.40	18.79
Cole, A 		0	0	9.1	5.79	11	6	1	1.61	-	0.54	.349	.463	.812	8.68	0.96	13.50	9.00	16.82
Contreras, C 		0	0	28.0	4.82	16	15	3	1.50	-	0.75	.347	.379	.725	6.11	6.43	7.07	0.95	18.32
Cook, R 		0	2	8.2	18.69	19	18	4	3.12	.000	1.10	.500	.723	1.223	6.23	7.27	20.77	0.86	24.35
Cordier, E 		0	0	12.1	5.84	8	8	1	1.54	-	1.07	.357	.375	.732	5.11	4.38	9.49	1.17	17.59
Cornely, J 		0	0	1.0	36.00	4	4	1	4.00	-	0.00	.571	1.000	1.571	9.00	9.00	27.00	1.00	22.00
Correia, K 		0	3	23.1	6.56	23	17	4	1.93	.000	1.04	.402	.578	.980	5.40	3.09	14.27	1.75	18.04
Coulombe, D 		0	0	16.0	5.63	10	10	0	1.63	-	1.69	.361	.381	.742	6.19	5.06	9.56	1.22	16.56
Cravy, T 		0	8	42.2	5.70	30	27	5	1.62	.000	0.93	.372	.479	.851	7.38	4.64	9.91	1.59	17.84
Crockett, K 		0	0	17.2	4.08	9	8	1	1.36	-	1.83	.338	.359	.697	7.64	3.57	8.66	2.14	15.91
Davies, K 		0	0	2.1	0.00	0	0	0	1.29	-	4.00	.300	.300	.600	7.71	0.00	11.57	-	16.29
Davis, I 		0	0	2.0	0.00	0	0	0	1.00	-	1.50	.250	.286	.536	4.50	4.50	4.50	1.00	13.00
De Fratus, J 		0	2	80.0	5.51	52	49	9	1.55	.000	0.92	.360	.462	.822	7.65	3.60	10.35	2.13	18.06
De Los Santos, A 		0	0	1.2	5.40	1	1	1	1.80	-	1.00	.375	.714	1.089	16.20	5.40	10.80	3.00	18.60
De Paula, J 		0	0	3.1	2.70	1	1	1	1.80	-	0.40	.400	.455	.855	5.40	10.80	5.40	0.50	19.80
Decker, J 		0	0	1.0	0.00	0	0	0	2.00	-	0.50	.400	.600	1.000	0.00	0.00	18.00	-	15.00
Deduno, S 		0	1	21.0	6.86	16	16	3	1.57	.000	1.39	.379	.524	.903	7.29	3.86	10.29	1.89	17.52
Denorfia, C 		0	0	0.1	0.00	0	0	0	0.00	-	-	.000	.000	.000	0.00	0.00	0.00	-	6.00
Diaz, J 		0	1	19.0	2.37	6	5	2	1.16	.000	1.38	.282	.333	.615	8.53	2.84	7.58	3.00	14.58
Drabek, K 		0	0	5.1	5.06	3	3	1	2.06	-	0.33	.423	.542	.965	5.06	3.38	15.19	1.50	16.88
Drake, O 		0	0	15.2	2.87	7	5	1	1.60	-	0.88	.347	.361	.708	9.77	5.17	9.19	1.89	19.02
Edwards, C 		0	0	4.2	3.86	3	2	0	1.29	-	2.00	.316	.250	.566	7.71	5.79	5.79	1.33	15.43
Edwards, J 		0	0	16.2	4.32	8	8	4	1.68	-	0.25	.373	.456	.829	11.88	8.64	6.48	1.38	18.90
Elmore, J 		0	0	1.0	9.00	1	1	1	3.00	-	0.50	.500	1.000	1.500	0.00	0.00	27.00	-	17.00
Eveland, D 		0	1	3.1	5.40	2	2	1	2.40	.000	2.00	.444	.857	1.302	10.80	8.10	13.50	1.33	18.30
Farmer, B 		0	4	40.1	7.36	35	33	10	1.74	.000	1.07	.395	.591	.986	5.36	3.79	11.83	1.41	17.28
Faulkner, A 		0	0	9.2	2.79	3	3	2	1.14	-	1.11	.275	.405	.680	9.31	2.79	7.45	3.33	16.24
Feliz, M 		0	0	8.0	7.88	7	7	2	1.63	-	0.89	.368	.515	.884	7.88	4.50	10.13	1.75	21.75
Ferrell, J 		0	0	11.1	6.35	8	8	3	1.41	-	0.75	.320	.511	.831	4.76	3.18	9.53	1.50	16.24
Floyd, G 		0	0	13.1	2.70	4	4	0	1.13	-	1.29	.291	.260	.551	4.73	2.70	7.43	1.75	16.35
Francoeur, J 		0	0	2.0	9.00	2	2	1	2.00	-	0.25	.455	.667	1.121	4.50	13.50	4.50	0.33	24.00
Franklin, N 		0	0	1.0	18.00	2	2	1	3.00	-	0.00	.571	1.167	1.738	0.00	0.00	27.00	-	17.00
Freeman, S 		0	0	38.1	3.05	13	13	4	1.46	-	1.48	.345	.338	.683	9.39	5.87	7.28	1.60	18.08
Friedrich, C 		0	4	58.1	5.25	37	34	5	1.71	.000	1.43	.380	.440	.820	6.94	3.86	11.57	1.80	16.71
Fujikawa, K 		0	0	1.2	16.20	3	3	1	1.20	-	0.00	.375	.714	1.089	5.40	0.00	10.80	-	15.60
Garces, F 		0	1	38.0	5.21	23	22	9	1.66	.000	0.73	.374	.500	.874	7.11	5.21	9.71	1.36	17.82
Garcia, L 		0	0	1.0	0.00	0	0	0	1.00	-	-	.400	.250	.650	9.00	0.00	9.00	-	23.00
Gearrin, C 		0	0	3.2	4.91	2	2	0	0.55	-	-	.154	.083	.237	12.27	2.45	2.45	5.00	13.36
Gee, D 		0	3	39.2	5.90	29	26	5	1.66	.000	1.53	.370	.509	.879	5.67	2.50	12.48	2.27	15.53
Germen, G 		0	0	38.2	4.42	19	19	4	1.73	-	1.05	.383	.450	.833	7.68	6.05	9.54	1.27	18.36
Gomes, J 		0	0	1.0	18.00	2	2	1	3.00	-	0.00	.500	1.600	2.100	9.00	0.00	27.00	-	20.00
Gonzales, M 		0	0	2.2	13.50	4	4	1	3.00	-	2.50	.500	.786	1.286	3.38	3.38	23.63	1.00	24.75
Goody, N 		0	0	5.2	4.76	3	3	0	1.59	-	1.17	.385	.409	.794	4.76	4.76	9.53	1.00	21.53
Gray, J 		0	2	40.2	5.53	26	25	4	1.62	.000	0.88	.372	.485	.856	8.85	3.10	11.51	2.86	16.77
Greenwood, N 		0	1	0.0	-.--	2	2	1	-	.000	-	1.000	2.500	3.500	-	-	-	-	-
Gregg, K 		0	2	10.2	10.13	12	12	3	1.69	.000	1.11	.360	.489	.849	11.81	4.22	10.97	2.80	19.97
Guaipe, M 		0	3	26.2	5.40	19	16	5	1.76	.000	1.45	.417	.534	.951	7.43	4.39	11.48	1.69	17.21
Guerra, J 		0	0	1.2	0.00	0	0	0	1.80	-	0.33	.429	.333	.762	0.00	5.40	10.80	0.00	21.60
Guerra, J 		0	0	4.0	6.75	3	3	1	2.00	-	2.50	.444	.588	1.033	6.75	2.25	15.75	3.00	16.50
Guilmet, P 		0	0	7.1	11.05	9	9	2	1.77	-	0.78	.371	.552	.923	7.36	4.91	11.05	1.50	16.91
Gurka, J 		0	0	7.2	9.39	8	8	1	2.35	-	1.00	.462	.676	1.137	8.22	2.35	18.78	3.50	18.65
Hagadone, N 		0	1	27.1	4.28	16	13	3	1.54	.000	0.69	.341	.400	.741	9.22	3.95	9.88	2.33	16.76
Hall, C 		0	0	8.1	6.48	6	6	1	1.68	-	1.38	.366	.389	.755	7.56	4.32	10.80	1.75	18.24
Hand, D 		0	0	3.0	0.00	0	0	0	1.00	-	5.00	.308	.273	.580	9.00	3.00	6.00	3.00	19.67
Hatley, M 		0	0	1.1	0.00	0	0	0	2.25	-	-	.429	.200	.629	13.50	13.50	6.75	1.00	18.00
Hessler, K 		0	1	12.1	8.03	11	11	4	1.62	.000	0.92	.351	.623	.974	8.76	2.92	11.68	3.00	17.11
Hill, T 		0	0	12.0	3.75	5	5	2	1.50	-	1.30	.373	.522	.894	6.75	3.00	10.50	2.25	16.50
House, T 		0	4	13.0	13.15	19	19	1	2.54	.000	2.88	.479	.466	.945	4.85	8.31	14.54	0.58	21.31
Houser, A 		0	0	2.0	0.00	0	0	0	1.50	-	-	.375	.167	.542	0.00	9.00	4.50	0.00	17.50
Huff, D 		0	0	6.0	9.00	6	6	2	2.00	-	5.50	.448	.630	1.078	6.00	1.50	16.50	4.00	15.67
Hynes, C 		0	0	3.0	6.00	2	2	0	3.33	-	-	.556	.563	1.118	12.00	6.00	24.00	2.00	19.67
Ibarra, E 		0	0	4.0	2.25	1	1	0	1.75	-	1.25	.368	.313	.681	6.75	6.75	9.00	1.00	20.00
Jackson, J 		0	0	4.1	6.23	3	3	0	1.85	-	1.00	.400	.474	.874	8.31	2.08	14.54	4.00	16.85
Jackson, L 		0	0	6.1	4.26	3	3	1	1.11	-	1.33	.259	.360	.619	8.53	2.84	7.11	3.00	17.37
Jaime, J 		0	1	1.1	6.75	1	1	0	3.00	.000	2.00	.571	.000	.571	6.75	27.00	0.00	0.25	27.00
Jenkins, C 		0	0	3.2	4.91	2	2	1	1.64	-	0.29	.353	.429	.782	4.91	7.36	7.36	0.67	21.82
Jimenez, C 		0	0	23.0	3.13	8	8	2	1.09	-	1.41	.275	.301	.576	9.78	3.13	6.65	3.13	16.13
Johnson, B 		0	1	4.1	8.31	4	4	0	1.62	.000	0.80	.368	.214	.583	6.23	8.31	6.23	0.75	20.08
Johnson, S 		0	0	5.1	10.13	6	6	2	2.44	-	0.86	.448	.708	1.157	5.06	8.44	13.50	0.60	21.19
Jones, G 		0	0	0.2	0.00	0	0	0	1.50	-	1.00	.500	.000	.500	0.00	13.50	0.00	0.00	25.50
Jordan, T 		0	2	17.0	5.29	10	10	0	1.53	.000	1.35	.342	.362	.704	5.82	3.18	10.59	1.83	15.00
Kahnle, T 		0	1	33.1	4.86	22	18	3	1.77	.000	2.00	.383	.395	.778	10.53	7.56	8.37	1.39	19.62
Kelly, C 		0	2	11.1	7.94	13	10	1	1.94	.000	1.60	.411	.500	.911	5.56	2.38	15.09	2.33	17.74
Kelly, R 		0	0	16.2	7.02	14	13	5	1.62	-	1.06	.370	.582	.952	5.40	3.24	11.34	1.67	15.54
Kintzler, B 		0	1	7.0	6.43	6	5	1	2.43	.000	11.00	.472	.548	1.021	9.00	6.43	15.43	1.40	21.29
Knebel, C 		0	0	50.1	3.22	18	18	8	1.21	-	1.38	.301	.442	.744	10.37	3.04	7.87	3.41	16.51
Knudson, G 		0	0	5.0	18.00	10	10	5	3.20	-	0.80	.516	1.143	1.659	10.80	5.40	23.40	2.00	23.80
Kohn, M 		0	0	4.2	0.00	0	0	0	1.29	-	0.29	.316	.000	.316	7.71	11.57	0.00	0.67	17.14
LaFromboise, B 		0	0	8.0	1.13	1	1	1	0.75	-	1.14	.207	.357	.564	9.00	1.13	5.63	8.00	13.75
LaRoche, A 		0	0	1.0	0.00	0	0	0	0.00	-	1.00	.000	.000	.000	9.00	0.00	0.00	-	12.00
Lazo, R 		0	0	5.2	3.18	2	2	1	1.24	-	0.50	.292	.524	.815	7.94	3.18	7.94	2.50	16.94
Leathersich, J 		0	1	11.2	2.31	3	3	0	1.63	.000	1.25	.385	.341	.726	10.80	5.40	9.26	2.00	19.46
LeCure, S 		0	2	20.0	3.15	9	7	2	1.15	.000	1.81	.280	.392	.672	6.75	3.15	7.20	2.14	15.15
Lee, C 		0	0	1.2	5.40	1	1	0	3.00	-	-	.500	.556	1.056	16.20	5.40	21.60	3.00	23.40
Lee, Z 		0	1	4.2	13.50	7	7	1	2.57	.000	3.50	.500	.739	1.239	5.79	1.93	21.21	3.00	19.29
Leon, A 		0	2	26.2	4.39	14	13	3	1.46	.000	1.04	.342	.437	.779	6.41	3.04	10.13	2.11	15.98
Leone, D 		0	5	15.0	8.40	15	14	2	1.87	.000	1.00	.392	.492	.884	5.40	5.40	11.40	1.00	19.13
Lindgren, J 		0	0	7.0	5.14	4	4	3	1.29	-	1.00	.310	.625	.935	10.29	5.14	6.43	2.00	16.57
Logan, B 		0	3	35.1	4.33	17	17	3	1.61	.000	1.21	.371	.385	.756	11.21	4.33	10.19	2.59	18.62
Luetge, L 		0	0	2.1	0.00	0	0	0	0.86	-	1.00	.250	.000	.250	7.71	7.71	0.00	1.00	14.14
Marimon, S 		0	1	25.2	7.36	21	21	3	1.71	.000	0.74	.379	.540	.919	4.91	4.91	10.52	1.00	16.29
Mariot, M 		0	0	3.0	3.00	1	1	1	1.33	-	0.40	.333	.500	.833	3.00	6.00	6.00	0.50	14.67
Marksberry, M 		0	3	23.1	5.01	16	13	2	1.63	.000	0.66	.361	.416	.777	8.10	6.17	8.49	1.31	17.49
Marshall, E 		0	2	13.1	6.08	9	9	3	1.88	.000	1.90	.410	.589	.999	4.73	3.38	13.50	1.40	16.73
Martin, C 		0	2	20.2	5.66	13	13	2	1.65	.000	1.71	.354	.424	.777	7.84	2.61	12.19	3.00	18.92
Mazzaro, V 		0	0	12.0	3.75	6	5	0	1.75	-	0.47	.382	.468	.850	4.50	4.50	11.25	1.00	16.67
Mazzoni, C 		0	0	8.2	20.77	22	20	2	3.23	-	1.43	.528	.787	1.316	8.31	5.19	23.88	1.60	23.19
McGough, S 		0	0	6.2	9.45	7	7	0	2.40	-	4.00	.457	.484	.941	5.40	5.40	16.20	1.00	21.60
Mendez, R 		0	1	13.2	5.27	8	8	2	1.61	.000	0.32	.397	.490	.886	6.59	5.27	9.22	1.25	17.12
Meyer, A 		0	0	2.2	16.88	5	5	2	2.63	-	0.67	.500	.909	1.409	10.13	10.13	13.50	1.00	24.37
Mills, B 		0	0	5.0	5.40	3	3	1	1.60	-	0.44	.391	.524	.915	1.80	1.80	12.60	1.00	15.60
Mitchell, B 		0	2	29.2	6.37	24	21	4	1.79	.000	1.57	.385	.432	.817	8.80	4.85	11.22	1.81	20.09
Montas, F 		0	2	15.0	4.80	8	8	1	1.53	.000	0.53	.348	.351	.699	12.00	5.40	8.40	2.22	19.07
Montero, R 		0	1	10.0	4.50	6	5	0	1.40	.000	1.38	.311	.350	.661	11.70	4.50	8.10	2.60	19.20
Moore, T 		0	0	0.2	0.00	0	0	0	0.00	-	1.00	.333	.000	.333	0.00	0.00	0.00	-	7.50
Morris, A 		0	0	0.2	67.50	5	5	1	9.00	-	1.00	.750	1.200	1.950	0.00	40.50	40.50	0.00	37.50
Murata, T 		0	1	3.1	8.10	5	3	2	1.50	.000	0.80	.313	.733	1.046	5.40	2.70	10.80	2.00	20.70
Murphy, D 		0	0	0.1	0.00	5	0	1	9.00	-	0.00	.667	1.250	1.917	0.00	27.00	54.00	0.00	57.00
Murray, C 		0	1	7.2	5.87	5	5	2	1.70	.000	1.50	.351	.543	.894	10.57	2.35	12.91	4.50	19.43
Nathan, J 		0	0	0.1	0.00	0	0	0	0.00	-	-	.000	.000	.000	27.00	0.00	0.00	-	12.00
Noesi, H 		0	4	32.2	6.89	26	25	7	1.78	.000	0.87	.383	.537	.920	6.06	4.68	11.30	1.29	18.64
O'Rourke, R 		0	0	22.0	6.14	15	15	3	1.41	-	0.83	.323	.338	.660	9.82	6.14	6.55	1.60	17.95
Ogando, N 		0	0	4.0	9.00	5	4	0	2.25	-	1.00	.429	.474	.902	4.50	4.50	15.75	1.00	21.00
Pazos, J 		0	0	5.0	0.00	0	0	0	1.20	-	0.71	.300	.176	.476	5.40	5.40	5.40	1.00	17.20
Peacock, B 		0	1	5.0	5.40	3	3	0	1.40	.000	0.57	.364	.444	.808	5.40	3.60	9.00	1.50	17.00
Pimentel, S 		0	1	11.1	3.97	5	5	1	1.24	.000	1.08	.311	.341	.653	5.56	2.38	8.74	2.33	14.56
Pinder, B 		0	2	27.2	2.93	9	9	4	1.52	.000	0.67	.344	.486	.830	8.13	4.55	9.11	1.79	17.42
Pino, Y 		0	2	19.1	3.26	8	7	2	1.34	.000	0.59	.317	.418	.735	6.05	1.40	10.71	4.33	14.43
Raburn, R 		0	0	0.2	0.00	2	0	0	3.00	-	0.00	.500	.333	.833	0.00	13.50	13.50	0.00	37.50
Ramirez, A 		0	0	1.0	0.00	0	0	0	1.00	-	2.00	.400	.500	.900	0.00	0.00	9.00	-	28.00
Ramirez, N 		0	1	13.0	4.15	12	6	3	1.54	.000	0.73	.361	.442	.803	9.00	4.85	9.00	1.86	19.15
Ranaudo, A 		0	1	15.1	7.63	13	13	2	1.70	.000	0.35	.380	.475	.856	6.46	4.70	10.57	1.38	19.11
Rasmus, C 		0	0	20.2	5.23	12	12	3	1.26	-	0.79	.310	.387	.697	11.76	4.79	6.53	2.45	18.24
Rearick, C 		0	0	3.0	12.00	4	4	2	2.67	-	3.00	.533	1.154	1.687	12.00	6.00	18.00	2.00	19.33
Redmond, T 		0	0	16.0	7.31	13	13	3	1.50	-	0.31	.347	.500	.847	7.31	3.94	9.56	1.86	17.44
Reed, C 		0	0	4.0	4.50	2	2	0	1.75	-	1.00	.412	.375	.787	2.25	2.25	13.50	1.00	12.75
Reynolds, M 		0	0	13.2	4.61	7	7	6	1.54	-	1.00	.355	.593	.947	11.85	4.61	9.22	2.57	17.05
Rienzo, A 		0	1	19.2	5.95	14	13	2	1.53	.000	1.15	.352	.392	.744	6.86	5.95	7.78	1.15	18.15
Rivera, R 		0	0	0.0	-.--	0	0	0	-	-	-	-	-	.000	-	-	-	-	-
Roach, D 		0	1	3.1	10.80	4	4	0	2.70	.000	1.67	.500	.529	1.029	2.70	2.70	21.60	1.00	18.30
Robinson, C 		0	0	1.0	0.00	0	0	0	1.00	-	1.00	.250	.250	.500	9.00	0.00	9.00	-	9.00
Robinson, S 		0	0	1.0	0.00	0	0	0	1.00	-	1.00	.250	.000	.250	9.00	9.00	0.00	1.00	14.00
Rodriguez, P 		0	0	10.1	2.61	3	3	0	1.26	-	1.33	.310	.316	.625	6.97	2.61	8.71	2.67	16.94
Rollins, D 		0	2	25.0	7.56	21	21	3	1.80	.000	1.50	.402	.523	.925	7.56	2.88	13.32	2.63	18.08
Romero, E 		0	2	30.0	5.10	18	17	1	1.73	.000	0.78	.374	.424	.798	9.30	3.90	11.70	2.38	19.93
Romo, S 		0	5	57.1	2.98	20	19	3	1.06	.000	1.16	.272	.350	.622	11.15	1.57	8.01	7.10	15.37
Rondon, J 		0	1	14.1	13.19	26	21	3	2.58	.000	0.94	.457	.639	1.096	5.65	5.65	17.58	1.00	20.37
Rosales, A 		0	0	2.0	9.00	3	2	2	1.50	-	0.67	.333	1.000	1.333	4.50	4.50	9.00	1.00	17.50
Rosin, S 		0	0	2.0	22.50	5	5	1	4.00	-	1.50	.643	1.091	1.734	0.00	4.50	31.50	0.00	26.00
Ross, R 		0	2	60.2	3.86	28	26	7	1.30	.000	1.76	.319	.409	.729	7.86	2.97	8.75	2.65	16.58
Ross, D 		0	0	2.0	0.00	0	0	0	0.00	-	2.00	.000	.000	.000	0.00	0.00	0.00	-	9.50
Rucinski, D 		0	2	7.0	7.71	6	6	1	2.29	.000	1.00	.486	.536	1.021	5.14	7.71	12.86	0.67	22.00
Russell, J 		0	2	34.0	5.29	24	20	3	1.50	.000	1.08	.347	.489	.836	5.29	2.38	11.12	2.22	16.38
Ryan, B 		0	0	2.0	0.00	0	0	0	1.00	-	0.20	.250	.250	.500	0.00	0.00	9.00	-	14.00
Santos, S 		0	0	16.1	4.96	9	9	3	1.41	-	1.00	.315	.477	.792	9.92	3.86	8.82	2.57	15.43
Schugel, A 		0	0	9.0	5.00	13	5	2	2.44	-	2.00	.431	.587	1.018	5.00	5.00	17.00	1.00	21.22
Schultz, B 		0	1	43.0	3.56	19	17	7	1.07	.000	1.07	.272	.365	.637	6.49	2.93	6.70	2.21	14.77
Smith, C 		0	0	1.1	33.75	5	5	0	6.00	-	1.00	.692	.667	1.359	13.50	20.25	33.75	0.67	36.00
Smith, J 		0	4	32.2	6.89	27	25	5	1.93	.000	0.80	.422	.504	.926	8.27	5.79	11.57	1.43	20.27
Soto, G 		0	0	3.1	0.00	0	0	0	0.90	-	2.33	.231	.231	.462	0.00	0.00	8.10	-	13.20
Stammen, C 		0	0	4.0	0.00	0	0	0	1.25	-	1.25	.294	.231	.525	6.75	6.75	4.50	1.00	16.25
Stites, M 		0	0	8.2	12.46	14	12	1	2.19	-	0.90	.432	.526	.958	6.23	5.19	14.54	1.20	19.85
Straily, D 		0	1	16.2	5.40	11	10	2	1.44	.000	0.95	.329	.418	.747	7.56	4.32	8.64	1.75	17.46
Sucre, J 		0	0	2.0	13.50	3	3	1	3.00	-	0.67	.545	.909	1.455	0.00	0.00	27.00	-	13.00
Surkamp, E 		0	0	3.1	10.80	4	4	2	1.50	-	1.50	.438	.769	1.207	10.80	2.70	10.80	4.00	15.30
Suzuki, I 		0	0	1.0	9.00	1	1	0	2.00	-	0.50	.400	.800	1.200	0.00	0.00	18.00	-	18.00
Swarzak, A 		0	0	13.1	3.38	9	5	1	1.65	-	1.36	.361	.439	.799	8.78	2.70	12.15	3.25	14.85
Teaford, E 		0	0	5.2	1.59	1	1	0	1.41	-	0.83	.375	.400	.775	6.35	4.76	7.94	1.33	16.94
Tepera, R 		0	2	33.0	3.27	14	12	8	0.88	.000	1.11	.250	.420	.670	6.00	1.64	6.27	3.67	14.09
Thielbar, C 		0	0	5.0	5.40	3	3	0	1.00	-	4.00	.263	.316	.579	9.00	0.00	9.00	-	16.20
Thornburg, T 		0	2	34.1	3.67	22	14	7	1.25	.000	0.69	.305	.418	.723	8.91	3.15	8.13	2.83	18.79
Tonkin, M 		0	0	23.1	3.47	9	9	4	1.29	-	1.45	.313	.386	.699	7.33	3.47	8.10	2.11	15.51
Torres, A 		0	0	34.1	3.15	16	12	6	1.51	-	1.28	.346	.373	.719	9.17	6.82	6.82	1.35	18.64
Tracy, M 		0	0	2.0	0.00	3	0	0	2.00	-	2.00	.364	.333	.697	4.50	9.00	9.00	0.50	19.50
Tuivailala, S 		0	1	14.2	3.07	5	5	2	1.43	.000	1.40	.323	.421	.744	12.27	4.91	7.98	2.50	18.07
Valdez, J 		0	1	9.0	4.00	4	4	2	1.56	.000	0.75	.359	.543	.902	4.00	4.00	10.00	1.00	17.44
Varvaro, A 		0	1	11.0	4.09	5	5	0	1.82	.000	1.56	.392	.422	.814	6.55	4.91	11.45	1.33	18.09
Veal, D 		0	0	4.1	14.54	7	7	3	2.31	-	1.00	.478	.950	1.428	6.23	4.15	16.62	1.50	19.38
Vincent, N 		0	1	23.0	2.35	8	6	0	1.52	.000	0.54	.350	.348	.698	8.61	3.91	9.78	2.20	18.09
Volstad, C 		0	0	2.0	0.00	0	0	0	1.00	-	4.00	.286	.286	.571	0.00	0.00	9.00	-	10.00
Wagner, T 		0	2	13.2	7.24	11	11	1	2.12	.000	1.20	.446	.596	1.043	3.29	4.61	14.49	0.71	18.07
Walden, J 		0	1	10.1	0.87	1	1	0	1.06	.000	0.90	.262	.243	.505	10.45	3.48	6.10	3.00	15.10
Weber, R 		0	3	28.1	4.76	15	15	3	1.09	.000	2.80	.303	.396	.699	6.04	1.91	7.94	3.17	14.36
West, M 		0	0	3.0	0.00	0	0	0	1.00	-	0.50	.273	.300	.573	6.00	3.00	6.00	2.00	19.00
Wieland, J 		0	1	8.2	8.31	8	8	2	1.73	.000	0.91	.375	.618	.993	4.15	5.19	10.38	0.80	18.00
Wilk, A 		0	0	2.0	4.50	1	1	1	1.50	-	3.00	.400	.625	1.025	9.00	4.50	9.00	2.00	20.00
Wilson, J 		0	0	1.0	9.00	1	1	1	2.00	-	1.00	.500	1.250	1.750	0.00	0.00	18.00	-	16.00
Winkler, D 		0	0	1.2	10.80	2	2	2	1.80	-	2.00	.375	1.143	1.518	10.80	5.40	10.80	2.00	19.80
Wojciechowski, A 		0	1	16.1	7.16	13	13	2	1.84	.000	0.32	.380	.586	.965	8.82	3.86	12.67	2.29	19.04
Wolf, R 		0	5	34.2	6.23	28	24	5	1.76	.000	1.45	.385	.521	.906	7.27	3.89	11.94	1.87	18.00
Wooten, R 		0	0	6.0	12.00	8	8	1	1.83	-	1.40	.414	.545	.959	9.00	9.00	7.50	1.00	21.83
Wright, W 		0	0	7.1	3.68	4	3	1	1.23	-	0.55	.290	.385	.675	6.14	3.68	7.36	1.67	15.55
Ziegler, B 		0	3	68.0	1.85	17	14	3	0.96	.000	4.00	.253	.272	.524	4.76	2.25	6.35	2.12	14.03
Zito, B 		0	0	7.0	10.29	8	8	4	2.57	-	0.89	.486	.839	1.325	2.57	7.71	15.43	0.33	21.43
Zych, T 		0	0	18.1	2.45	6	5	1	1.09	-	1.00	.289	.338	.628	11.78	1.47	8.35	8.00	14.95
