Sale, C 		9	0	68.1	1.58	13	12	5	0.72	1.000	0.83	.206	.250	.456	8.17	1.32	5.14	6.20	14.09
Arrieta, J 		8	0	63.0	1.29	10	9	2	0.84	1.000	1.83	.229	.214	.443	9.00	2.86	4.71	3.15	14.56
Porcello, R 		7	2	57.0	3.47	23	22	7	1.09	.778	1.33	.288	.391	.678	8.53	2.05	7.74	4.15	16.74
Strasburg, S 		7	0	61.0	2.80	19	19	4	1.08	1.000	1.06	.278	.317	.595	11.07	2.36	7.38	4.69	15.23
Zimmermann, J 		7	2	60.2	2.52	20	17	6	1.14	.778	0.83	.280	.362	.642	5.93	1.63	8.60	3.64	15.20
Cueto, J 		6	1	66.2	2.70	20	20	2	1.10	.857	1.42	.285	.341	.626	8.24	1.62	8.24	5.08	14.37
Fernandez, J 		6	2	53.2	3.02	18	18	3	1.21	.750	1.06	.310	.319	.629	13.08	4.02	6.88	3.25	17.09
Hill, R 		6	3	49.2	2.54	17	14	2	1.13	.667	1.26	.303	.274	.577	10.69	3.81	6.34	2.81	18.28
Kershaw, C 		6	1	70.0	1.67	14	13	3	0.70	.857	1.30	.198	.254	.452	11.31	0.51	5.79	22.00	13.47
Matz, S 		6	1	41.2	2.81	13	13	3	1.06	.857	1.33	.282	.307	.589	9.29	1.73	7.78	5.38	15.67
Price, D 		6	1	55.1	5.53	34	34	5	1.27	.857	1.04	.315	.405	.720	11.39	2.28	9.11	5.00	16.99
Ramirez, E 		6	1	35.0	2.06	8	8	5	0.83	.857	1.52	.234	.393	.628	6.69	1.03	6.43	6.50	13.00
Samardzija, J 		6	2	64.1	2.66	19	19	4	1.03	.750	1.13	.263	.332	.595	7.69	1.82	7.41	4.23	15.08
Tillman, C 		6	1	51.2	2.61	15	15	2	1.16	.857	0.88	.300	.322	.622	9.23	3.66	6.79	2.52	16.12
Tomlin, J 		6	0	43.0	3.56	19	17	8	1.02	1.000	0.90	.262	.448	.710	6.28	1.05	8.16	6.00	14.28
Bumgarner, M 		5	2	58.2	2.45	21	16	6	1.18	.714	0.81	.290	.366	.656	10.89	2.76	7.82	3.94	16.16
Chatwood, T 		5	3	56.2	3.02	20	19	6	1.22	.625	1.86	.302	.402	.704	5.72	2.54	8.42	2.25	15.49
Cole, G 		5	3	48.1	2.79	18	15	3	1.22	.625	0.81	.308	.350	.658	7.26	2.42	8.57	3.00	16.47
Greinke, Z 		5	3	64.2	4.59	33	33	8	1.31	.625	1.38	.315	.457	.772	8.07	1.81	10.02	4.46	15.23
Hamels, C 		5	0	57.1	2.83	22	18	10	1.26	1.000	1.94	.317	.409	.726	9.73	3.30	8.01	2.95	16.29
Hammel, J 		5	1	46.2	2.31	13	12	3	1.20	.833	1.09	.309	.341	.650	8.29	3.47	7.33	2.39	15.81
Happ, J 		5	2	57.2	3.43	22	22	6	1.21	.714	0.85	.315	.389	.703	5.77	2.65	8.27	2.18	14.36
Latos, M 		5	1	45.0	4.00	20	20	6	1.47	.833	1.00	.342	.432	.774	4.40	3.40	9.80	1.29	16.73
Miley, W 		5	2	56.0	4.50	28	28	9	1.23	.714	1.02	.311	.445	.757	6.59	2.09	9.00	3.15	15.27
Quintana, J 		5	3	59.0	1.98	14	13	1	1.02	.625	0.81	.264	.310	.575	7.93	1.68	7.47	4.73	15.14
Scherzer, M 		5	3	66.1	3.80	28	28	14	1.10	.625	0.96	.284	.451	.735	11.40	2.44	7.46	4.67	15.80
Stroman, M 		5	1	69.1	3.89	32	30	4	1.17	.833	2.23	.292	.346	.638	5.97	2.47	8.05	2.42	14.48
Syndergaard, N 		5	2	60.1	1.94	14	13	3	0.98	.714	1.77	.259	.300	.559	11.34	1.34	7.46	8.44	14.80
Velasquez, V 		5	1	48.1	2.42	16	13	3	0.99	.833	0.77	.259	.295	.554	10.99	2.79	6.14	3.93	15.60
Bettis, C 		4	2	56.0	4.18	27	26	6	1.21	.667	1.49	.300	.385	.686	6.75	1.93	9.00	3.50	15.70
Brach, B 		4	0	23.1	1.16	3	3	1	0.86	1.000	0.96	.225	.247	.472	9.26	2.70	5.01	3.43	15.43
De La Rosa, R 		4	4	43.1	3.53	19	17	5	1.06	.500	1.64	.276	.333	.610	9.35	3.12	6.44	3.00	15.62
Eovaldi, N 		4	2	48.2	4.44	24	24	7	1.19	.667	1.57	.296	.444	.740	8.32	1.85	8.88	4.50	16.13
Fister, D 		4	3	49.0	4.22	23	23	6	1.29	.571	1.31	.317	.425	.742	4.96	2.76	8.82	1.80	15.61
Hellickson, J 		4	2	49.2	3.99	26	22	9	1.25	.667	1.24	.304	.482	.786	9.06	2.36	8.88	3.85	16.57
Hernandez, F 		4	3	57.0	2.21	20	14	5	1.19	.571	1.63	.298	.310	.608	7.42	3.95	6.79	1.88	15.98
Karns, N 		4	1	46.0	3.33	18	17	5	1.28	.800	0.79	.309	.364	.673	9.39	3.52	8.02	2.67	16.59
Kennedy, I 		4	3	50.0	3.24	18	18	7	1.12	.571	0.61	.297	.348	.645	9.00	3.06	7.02	2.94	16.72
Lackey, J 		4	2	54.1	3.31	21	20	5	0.98	.667	0.84	.263	.376	.639	8.61	1.99	6.79	4.33	14.41
Lester, J 		4	3	55.1	2.60	16	16	6	1.08	.571	1.02	.281	.343	.624	8.46	2.44	7.32	3.47	16.12
Martinez, C 		4	4	48.0	3.56	19	19	5	1.15	.500	1.40	.297	.333	.631	6.56	3.19	7.13	2.06	14.58
McHugh, C 		4	4	47.1	5.13	28	27	6	1.58	.500	0.96	.355	.508	.863	7.23	2.28	11.98	3.17	18.21
Nelson, J 		4	3	58.2	3.07	24	20	8	1.18	.571	1.24	.305	.370	.675	7.06	3.53	7.06	2.00	14.44
Nicasio, J 		4	3	42.1	4.46	23	21	6	1.35	.571	0.95	.326	.428	.754	9.14	3.61	8.50	2.53	17.20
Niese, J 		4	2	53.0	4.75	30	28	11	1.43	.667	1.85	.345	.529	.874	6.62	3.06	9.85	2.17	15.77
Pomeranz, D 		4	4	46.0	1.96	12	10	3	1.07	.500	0.90	.265	.265	.530	10.96	4.11	5.48	2.67	17.37
Salazar, D 		4	3	54.1	2.32	14	14	3	1.12	.571	1.14	.281	.264	.545	11.10	4.31	5.80	2.58	17.12
Sanchez, A 		4	1	59.0	3.20	22	21	4	1.22	.800	2.03	.302	.355	.656	7.93	3.20	7.78	2.48	14.92
Siegrist, K 		4	0	17.0	2.65	5	5	3	0.82	1.000	0.44	.215	.371	.586	13.24	1.59	5.82	8.33	16.18
Ventura, Y 		4	3	48.2	4.81	26	26	6	1.56	.571	1.22	.356	.375	.731	6.29	6.10	7.95	1.03	17.65
Volquez, E 		4	4	54.2	3.79	24	23	6	1.39	.500	1.41	.322	.380	.702	7.08	3.13	9.38	2.26	16.87
Wainwright, A 		4	3	51.2	5.92	35	34	5	1.53	.571	1.00	.356	.493	.848	5.40	2.44	11.32	2.21	15.79
Weaver, J 		4	3	52.1	5.33	33	31	11	1.51	.571	0.51	.355	.533	.888	5.50	2.06	11.52	2.67	15.73
Andriese, M 		3	0	21.1	2.11	5	5	1	0.75	1.000	0.79	.218	.197	.415	4.64	2.11	4.64	2.20	13.55
Archer, C 		3	5	52.1	5.16	32	30	10	1.61	.375	1.02	.353	.472	.825	11.18	4.47	9.97	2.50	18.31
Axford, J 		3	1	18.2	2.89	6	6	2	1.07	.750	2.00	.270	.338	.608	5.79	1.45	8.20	4.00	16.66
Barnette, T 		3	2	17.1	2.60	5	5	1	1.44	.600	0.80	.347	.391	.738	6.75	2.08	10.90	3.25	15.69
Bauer, T 		3	2	39.2	4.31	19	19	5	1.34	.600	1.32	.326	.392	.718	8.39	3.63	8.39	2.31	17.97
Chen, W 		3	2	49.0	4.22	24	23	6	1.24	.600	1.23	.307	.423	.730	7.71	1.65	9.55	4.67	14.55
Colon, B 		3	3	48.0	3.75	20	20	6	1.25	.500	0.80	.311	.413	.724	7.50	1.69	9.56	4.44	15.56
Conley, A 		3	3	47.2	4.15	22	22	3	1.43	.500	0.90	.345	.367	.712	8.50	4.34	8.50	1.96	16.68
deGrom, J 		3	1	41.0	3.07	17	14	3	1.24	.750	1.12	.305	.383	.689	6.59	2.41	8.78	2.73	15.80
Fiers, M 		3	2	51.2	4.35	25	25	9	1.26	.600	1.24	.307	.476	.783	6.45	1.22	10.10	5.29	15.89
Fulmer, M 		3	1	26.1	5.13	16	15	5	1.63	.750	1.00	.364	.500	.864	11.28	3.42	11.28	3.30	18.42
Garcia, J 		3	4	52.2	3.59	24	21	2	1.20	.429	2.47	.294	.291	.584	8.72	3.42	7.35	2.55	15.15
Givens, M 		3	0	17.1	2.08	5	4	1	1.67	1.000	0.47	.375	.420	.795	12.98	4.67	10.38	2.78	20.37
Gonzalez, G 		3	1	48.1	1.86	14	10	3	1.10	.750	1.06	.277	.289	.566	7.45	2.42	7.45	3.08	16.45
Gray, S 		3	5	48.0	6.19	38	33	8	1.65	.375	1.63	.362	.513	.875	7.69	4.50	10.31	1.71	17.35
Griffin, A 		3	0	33.2	2.94	12	11	2	1.13	1.000	0.61	.277	.325	.603	7.49	3.74	6.42	2.00	16.54
Guerra, J 		3	0	25.0	3.96	11	11	2	1.04	1.000	0.81	.271	.364	.634	8.64	2.88	6.48	3.00	14.48
Harvey, M 		3	6	48.1	5.77	35	31	5	1.66	.333	0.96	.372	.490	.862	8.01	2.79	12.10	2.87	17.19
Hatcher, C 		3	3	17.0	6.35	13	12	4	1.88	.500	1.64	.390	.557	.947	7.41	6.35	10.59	1.17	21.29
Holland, D 		3	3	40.0	5.63	26	25	3	1.43	.500	0.57	.331	.421	.753	4.73	2.93	9.90	1.62	18.13
Kazmir, S 		3	3	51.2	5.23	32	30	12	1.34	.500	1.00	.327	.455	.782	8.36	3.48	8.54	2.40	17.19
Kluber, C 		3	5	59.1	4.10	28	27	5	1.11	.375	1.59	.286	.368	.654	8.80	2.28	7.74	3.87	14.66
Leake, M 		3	3	55.1	4.07	28	25	7	1.16	.500	1.67	.293	.392	.685	5.37	1.95	8.46	2.75	14.42
Lewis, C 		3	0	59.0	2.75	18	18	10	1.10	1.000	0.69	.284	.411	.695	6.71	1.83	8.08	3.67	14.73
Liriano, F 		3	3	46.2	4.63	24	24	9	1.50	.500	1.64	.351	.420	.772	9.64	4.82	8.68	2.00	16.71
Maeda, K 		3	3	47.0	2.87	15	15	5	1.09	.500	1.02	.280	.329	.610	8.23	2.68	7.09	3.07	15.77
Nola, A 		3	3	60.0	2.85	23	19	5	0.90	.500	1.76	.235	.314	.549	9.60	1.65	6.45	5.82	14.30
Nova, I 		3	1	30.1	3.26	11	11	4	1.09	.750	3.80	.287	.422	.709	4.45	0.89	8.90	5.00	13.22
Ohlendorf, R 		3	4	20.2	4.79	12	11	3	1.02	.429	0.44	.286	.382	.667	9.58	2.18	6.97	4.40	15.87
Rea, C 		3	2	45.1	4.37	24	22	5	1.41	.600	1.27	.340	.409	.749	6.55	3.97	8.74	1.65	17.78
Roark, T 		3	3	56.0	2.89	22	18	3	1.25	.500	1.68	.315	.301	.616	8.52	3.54	7.71	2.41	16.80
Ross, J 		3	4	46.2	2.70	17	14	3	1.24	.429	1.02	.313	.362	.675	7.14	2.89	8.29	2.47	15.69
Sabathia, C 		3	2	34.1	3.41	13	13	1	1.40	.600	1.00	.338	.348	.686	7.60	3.67	8.91	2.07	16.08
Sanchez, A 		3	5	47.2	6.23	35	33	9	1.59	.375	0.77	.366	.476	.842	8.12	4.91	9.44	1.65	17.83
Santiago, H 		3	2	52.2	3.93	24	23	10	1.22	.600	0.85	.304	.428	.732	7.01	3.25	7.69	2.16	16.84
Treinen, B 		3	1	17.2	3.57	7	7	3	1.36	.750	2.63	.348	.433	.781	9.17	4.58	7.64	2.00	14.26
Verlander, J 		3	4	57.0	4.58	29	29	8	1.23	.429	0.65	.306	.410	.716	9.47	3.16	7.89	3.00	16.96
Verrett, L 		3	1	26.2	3.38	11	10	2	1.58	.750	1.28	.359	.442	.801	6.41	4.39	9.79	1.46	17.48
Warren, A 		3	0	15.2	1.72	4	3	2	1.09	1.000	1.82	.279	.275	.553	8.04	5.74	4.02	1.40	16.47
Wood, B 		3	1	22.1	4.43	14	11	0	1.66	.750	2.07	.366	.294	.660	7.25	6.45	8.46	1.13	18.72
Wright, S 		3	4	53.2	2.52	18	15	3	1.08	.429	0.89	.282	.295	.578	7.88	3.19	6.54	2.47	15.95
Anderson, C 		2	6	49.0	5.33	35	29	12	1.39	.250	0.91	.324	.531	.855	7.16	2.94	9.55	2.44	17.33
Bailey, A 		2	0	10.0	3.60	4	4	1	1.40	1.000	1.22	.341	.364	.705	8.10	6.30	6.30	1.29	18.40
Barnes, M 		2	2	21.1	2.95	9	7	2	1.55	.500	0.68	.351	.420	.771	8.02	5.06	8.86	1.58	17.58
Barraclough, K 		2	1	15.0	2.40	5	4	1	1.53	.667	2.80	.348	.333	.681	15.60	6.60	7.20	2.36	21.40
Blanton, J 		2	2	21.2	2.91	7	7	2	0.88	.500	0.60	.235	.306	.540	9.14	3.32	4.57	2.75	15.37
Britton, Z 		2	1	18.0	1.50	3	3	1	0.61	.667	5.20	.175	.203	.378	10.50	2.00	3.50	5.25	14.83
Buchholz, C 		2	4	51.2	5.92	35	34	9	1.47	.333	0.82	.347	.455	.801	6.10	4.18	9.06	1.46	17.13
Butler, E 		2	2	25.0	3.96	12	11	3	1.16	.500	0.96	.294	.449	.743	6.12	1.08	9.36	5.67	15.04
Carrasco, C 		2	0	22.0	2.45	6	6	4	0.95	1.000	1.20	.247	.388	.635	8.18	2.05	6.55	4.00	14.23
Cashner, A 		2	3	34.2	4.93	22	19	4	1.47	.400	1.24	.351	.478	.828	7.27	3.63	9.61	2.00	19.36
Cedeno, X 		2	1	10.1	3.48	4	4	0	1.26	.667	1.57	.295	.297	.593	11.32	5.23	6.10	2.17	18.00
Cishek, S 		2	3	22.1	2.82	7	7	3	0.99	.400	0.78	.256	.317	.573	10.48	2.82	6.04	3.71	16.88
Clippard, T 		2	1	17.0	2.65	5	5	2	1.35	.667	0.80	.348	.475	.824	9.00	2.65	9.53	3.40	14.94
Corbin, P 		2	3	56.1	3.99	28	25	9	1.31	.400	1.49	.322	.449	.770	6.23	2.72	9.11	2.29	14.91
Dickey, R 		2	5	54.0	4.50	33	27	8	1.35	.286	1.11	.319	.457	.776	6.67	2.83	9.33	2.35	16.28
Eickhoff, J 		2	6	53.2	3.86	25	23	7	1.19	.250	1.09	.295	.465	.761	7.21	1.84	8.89	3.91	15.30
Feldman, S 		2	3	30.1	3.86	18	13	4	1.48	.400	1.43	.336	.479	.815	6.82	3.26	10.09	2.09	17.51
Gomez, J 		2	1	24.2	2.55	7	7	2	1.14	.667	1.17	.293	.374	.667	6.57	2.19	8.03	3.00	15.20
Hembree, H 		2	0	16.2	2.16	6	4	1	1.38	1.000	0.59	.315	.368	.683	8.10	2.70	9.72	3.00	17.58
Hendricks, K 		2	3	41.0	3.51	18	16	2	1.05	.400	2.77	.276	.311	.587	8.12	1.98	7.46	4.11	14.83
Iwakuma, H 		2	4	55.1	4.39	27	27	6	1.41	.333	0.93	.342	.442	.784	7.16	2.77	9.92	2.59	15.29
Jepsen, K 		2	4	17.1	5.19	11	10	4	1.50	.333	0.70	.338	.563	.901	6.23	2.60	10.90	2.40	16.85
Jimenez, U 		2	5	50.2	6.04	36	34	5	1.78	.286	1.78	.390	.456	.846	7.82	4.80	11.19	1.63	17.68
Jones, N 		2	0	17.2	2.04	4	4	1	0.68	1.000	0.85	.217	.210	.427	8.66	2.04	4.08	4.25	14.26
Kelly, J 		2	0	15.1	5.28	9	9	2	1.83	1.000	2.50	.387	.433	.820	10.57	7.63	8.80	1.38	21.07
Keuchel, D 		2	6	62.1	5.92	41	41	6	1.59	.250	2.10	.362	.448	.810	7.65	3.75	10.54	2.04	16.78
Koehler, T 		2	4	42.0	4.71	25	22	3	1.67	.333	1.05	.383	.406	.789	6.64	5.36	9.64	1.24	17.76
Lobstein, K 		2	0	20.2	4.79	11	11	2	1.40	1.000	1.93	.352	.416	.768	6.10	3.92	8.71	1.56	16.89
Locke, J 		2	3	45.0	5.00	26	25	6	1.58	.400	1.29	.367	.465	.832	6.20	4.60	9.60	1.35	16.73
Madson, R 		2	0	18.2	1.93	5	4	1	1.29	1.000	0.77	.321	.329	.649	6.75	3.38	8.20	2.00	15.70
McAllister, Z 		2	1	15.2	2.87	5	5	2	1.53	.667	0.30	.352	.403	.755	9.77	4.60	9.19	2.13	17.36
Miller, A 		2	0	17.2	1.02	2	2	2	0.68	1.000	1.22	.200	.290	.490	16.30	0.51	5.60	32.00	14.04
Nicolino, J 		2	2	29.1	4.30	15	14	3	1.30	.500	1.03	.311	.389	.700	1.84	3.38	8.28	0.55	14.15
O'Day, D 		2	1	16.1	2.76	5	5	3	1.10	.667	1.00	.279	.403	.683	11.57	2.76	7.16	4.20	16.22
Oberholtzer, B 		2	0	21.0	7.29	17	17	9	1.90	1.000	1.10	.396	.670	1.066	8.14	4.29	12.86	1.90	18.81
Osuna, R 		2	0	19.1	1.40	4	3	1	0.83	1.000	0.59	.219	.239	.458	10.24	2.33	5.12	4.40	14.53
Peralta, W 		2	5	46.1	6.99	38	36	8	1.92	.286	1.85	.424	.579	1.003	6.02	3.88	13.40	1.55	18.22
Perez, W 		2	1	32.2	3.86	14	14	2	1.13	.667	1.76	.290	.311	.601	4.41	3.03	7.16	1.45	14.79
Phelps, D 		2	2	25.0	1.44	4	4	0	0.96	.500	0.75	.260	.209	.470	10.80	3.24	5.40	3.33	16.36
Quackenbush, K 		2	2	20.1	4.87	12	11	3	1.18	.500	0.65	.286	.432	.718	4.43	3.98	6.64	1.11	16.43
Qualls, C 		2	0	11.1	4.76	8	6	2	1.06	1.000	2.30	.250	.447	.697	2.38	0.79	8.74	3.00	14.38
Ray, R 		2	3	47.1	4.18	25	22	6	1.61	.400	1.20	.359	.424	.784	9.89	4.56	9.89	2.17	18.87
Rodon, C 		2	4	52.1	4.47	29	26	8	1.47	.333	1.06	.339	.409	.748	8.77	3.27	9.97	2.68	16.70
Salas, F 		2	1	21.1	2.11	5	5	2	0.80	.667	0.82	.221	.306	.526	8.44	1.69	5.48	5.00	15.66
Shields, J 		2	6	58.2	3.07	21	20	7	1.33	.250	1.18	.331	.423	.754	7.67	3.38	8.59	2.27	15.38
Shoemaker, M 		2	5	37.0	6.81	29	28	7	1.57	.286	0.60	.341	.487	.828	8.27	3.16	10.95	2.62	17.76
Smyly, D 		2	5	56.0	3.54	23	22	9	1.04	.286	0.56	.266	.382	.648	10.13	2.25	7.07	4.50	15.95
Soria, J 		2	1	22.1	3.63	10	9	2	1.39	.667	1.25	.337	.422	.759	7.66	4.03	8.46	1.90	17.78
Stephenson, R 		2	0	12.0	3.00	5	4	2	1.08	1.000	0.68	.280	.400	.680	3.00	3.00	6.75	1.00	16.00
Straily, D 		2	1	47.1	2.85	15	15	5	1.20	.667	0.94	.314	.319	.634	7.80	4.37	6.46	1.78	17.51
Strickland, H 		2	0	17.2	3.06	6	6	0	1.25	1.000	0.94	.297	.277	.574	9.68	3.06	8.15	3.17	16.92
Tanaka, M 		2	0	58.1	3.24	22	21	6	1.05	1.000	1.67	.266	.356	.622	7.71	1.85	7.56	4.17	14.45
Thornburg, T 		2	1	18.2	3.86	8	8	4	1.07	.667	1.08	.263	.391	.654	13.98	3.38	6.27	4.14	18.64
Tropeano, N 		2	2	43.2	3.30	16	16	7	1.58	.500	0.63	.357	.482	.839	8.86	4.53	9.69	1.95	17.82
Uehara, K 		2	1	17.0	3.71	7	7	1	1.00	.667	0.45	.269	.300	.569	9.53	3.18	5.82	3.00	15.82
Vincent, N 		2	1	19.1	1.40	3	3	3	0.67	.667	1.29	.188	.328	.517	11.17	0.93	5.12	12.00	13.34
Wacha, M 		2	4	51.1	4.03	30	23	4	1.46	.333	1.36	.341	.428	.769	7.71	3.16	9.99	2.44	16.79
Walker, T 		2	3	42.2	2.95	19	14	6	1.13	.400	1.44	.281	.395	.676	8.65	1.69	8.44	5.13	17.79
Wang, C 		2	0	14.2	3.07	5	5	0	1.70	1.000	1.80	.385	.414	.798	7.36	4.30	11.05	1.71	17.11
Wilhelmsen, T 		2	2	15.1	9.98	17	17	6	2.15	.500	1.40	.455	.788	1.242	3.52	4.70	14.67	0.75	18.33
Wilson, T 		2	2	36.2	3.68	16	15	4	1.15	.500	1.09	.285	.374	.659	4.42	2.45	7.85	1.80	15.38
Wisler, M 		2	3	55.1	2.93	19	18	5	0.99	.400	0.59	.262	.333	.596	6.34	2.11	6.83	3.00	14.24
Wood, T 		2	0	13.0	3.46	5	5	2	1.15	1.000	0.45	.291	.449	.740	6.92	3.46	6.92	2.00	16.46
Worley, V 		2	0	24.2	2.19	8	6	2	1.30	1.000	1.08	.321	.337	.658	8.03	2.92	8.76	2.75	14.55
Wright, M 		2	3	41.2	4.97	25	23	4	1.37	.400	1.29	.345	.437	.781	6.48	3.02	9.29	2.14	16.90
Yates, K 		2	0	17.1	2.08	4	4	0	1.15	1.000	0.94	.292	.242	.534	10.38	4.15	6.23	2.50	18.40
Abad, F 		1	0	16.0	0.56	2	1	0	1.00	1.000	1.42	.267	.204	.470	8.44	2.81	6.19	3.00	14.88
Adleman, T 		1	1	19.1	3.72	8	8	3	1.40	.500	1.05	.350	.414	.764	7.45	4.19	8.38	1.78	17.38
Albers, M 		1	3	19.1	3.26	9	7	3	1.14	.250	0.95	.299	.443	.742	6.05	2.33	7.91	2.60	13.55
Allen, C 		1	3	19.2	4.12	9	9	3	1.22	.250	0.70	.300	.353	.653	10.53	5.49	5.49	1.92	18.15
Alvarez, J 		1	2	22.2	3.97	12	10	2	1.41	.333	1.10	.337	.420	.757	7.94	2.78	9.93	2.86	15.97
Araujo, E 		1	0	11.0	4.09	5	5	1	2.09	1.000	0.82	.426	.465	.891	9.00	8.18	10.64	1.10	20.18
Barbato, J 		1	2	13.0	5.54	8	8	2	1.08	.333	1.00	.302	.362	.664	10.38	2.77	6.92	3.75	17.08
Bedrosian, C 		1	0	13.1	0.68	3	1	0	1.20	1.000	1.18	.291	.280	.571	10.13	2.70	8.10	3.75	15.98
Benoit, J 		1	0	7.0	3.86	3	3	1	1.29	1.000	1.14	.300	.250	.550	7.71	7.71	3.86	1.00	18.14
Bergman, C 		1	3	18.1	5.89	12	12	3	1.58	.250	0.70	.363	.560	.923	9.33	1.96	12.27	4.75	17.02
Berrios, J 		1	1	15.0	10.20	17	17	5	2.13	.500	1.20	.446	.656	1.102	12.00	7.20	12.00	1.67	21.40
Betances, D 		1	2	19.1	2.33	8	5	3	0.98	.333	0.73	.250	.352	.602	17.69	2.33	6.52	7.60	17.38
Biagini, J 		1	1	15.1	0.59	3	1	0	1.11	.500	1.62	.274	.236	.511	6.46	3.52	6.46	1.83	16.11
Blazek, M 		1	1	21.1	2.53	6	6	1	1.73	.500	0.91	.384	.398	.781	7.59	5.91	9.70	1.29	19.13
Blevins, J 		1	0	11.2	2.31	3	3	1	0.77	1.000	0.57	.205	.275	.480	10.03	2.31	4.63	4.33	16.29
Boyer, B 		1	0	21.1	1.69	4	4	1	1.27	1.000	1.04	.310	.370	.681	2.95	2.11	9.28	1.40	15.19
Bradley, A 		1	0	10.1	7.84	9	9	1	2.03	1.000	1.67	.412	.512	.923	5.23	6.10	12.19	0.86	20.42
Buchter, R 		1	0	21.0	0.43	1	1	1	0.90	1.000	0.27	.253	.200	.453	13.29	4.71	3.43	2.82	17.57
Bush, M 		1	0	4.2	0.00	0	0	0	0.43	1.000	0.33	.176	.071	.248	11.57	1.93	1.93	6.00	17.14
Cain, M 		1	5	52.0	5.37	33	31	8	1.46	.167	0.87	.350	.500	.850	6.58	2.25	10.90	2.92	16.85
Campos, L 		1	0	2.1	19.29	7	5	0	3.00	1.000	4.00	.500	.500	1.000	11.57	11.57	15.43	1.00	25.29
Capuano, C 		1	1	23.0	3.52	9	9	6	1.52	.500	0.95	.356	.506	.862	10.17	5.87	7.83	1.73	18.09
Casilla, S 		1	0	17.2	2.04	4	4	3	0.96	1.000	1.14	.261	.365	.626	10.70	2.55	6.11	4.20	16.58
Chacin, J 		1	2	38.0	5.21	23	22	5	1.34	.333	1.38	.313	.417	.730	7.82	2.61	9.47	3.00	15.82
Claudio, A 		1	0	12.0	3.00	4	4	0	1.58	1.000	1.42	.352	.438	.789	4.50	3.00	11.25	1.50	15.75
Colome, A 		1	1	18.1	1.47	3	3	1	0.87	.500	1.45	.232	.246	.478	12.76	1.96	5.89	6.50	15.49
Davies, Z 		1	3	36.0	5.75	24	23	5	1.56	.250	1.44	.369	.514	.884	6.25	3.75	10.25	1.67	17.25
Davis, W 		1	0	15.2	1.15	2	2	0	0.96	1.000	0.81	.279	.154	.433	8.62	4.02	4.60	2.14	16.53
De La Rosa, J 		1	3	20.1	10.18	24	23	7	2.07	.250	1.20	.419	.615	1.034	12.39	5.31	13.28	2.33	21.10
Delgado, R 		1	1	22.1	5.64	14	14	2	1.70	.500	1.33	.382	.456	.838	8.87	4.03	11.28	2.20	19.25
Doolittle, S 		1	2	17.1	3.12	6	6	3	1.10	.333	0.53	.275	.397	.672	10.90	3.12	6.75	3.50	15.12
Duffey, T 		1	3	30.0	3.30	14	11	3	1.23	.250	1.13	.305	.400	.705	7.50	1.80	9.30	4.17	16.33
Erlin, R 		1	2	15.2	4.02	7	7	3	0.96	.333	1.14	.259	.491	.750	7.47	1.72	6.89	4.33	13.02
Estevez, C 		1	1	13.1	4.05	6	6	1	1.20	.500	0.47	.291	.340	.631	9.45	5.40	5.40	1.75	18.15
Estrada, M 		1	2	51.2	2.61	17	15	4	1.05	.333	0.81	.261	.305	.566	8.71	3.31	6.10	2.63	15.54
Familia, J 		1	0	21.1	2.11	5	5	0	1.08	1.000	3.09	.271	.284	.555	7.17	1.69	8.02	4.25	14.02
Feliz, M 		1	1	17.0	5.29	11	10	3	1.06	.500	1.00	.257	.364	.621	13.76	2.12	7.41	6.50	18.29
Feliz, N 		1	0	13.2	3.95	6	6	2	0.95	1.000	0.47	.259	.400	.659	11.85	1.98	6.59	6.00	17.71
Fien, C 		1	0	13.2	7.90	12	12	5	1.76	1.000	0.50	.381	.667	1.048	7.90	1.98	13.83	4.00	17.05
Finnegan, B 		1	2	48.2	4.44	31	24	9	1.40	.333	0.98	.327	.426	.753	7.03	4.25	8.32	1.65	17.12
Floyd, G 		1	3	20.2	3.05	7	7	3	0.82	.250	1.24	.250	.370	.620	9.58	1.74	5.66	5.50	15.29
Flynn, B 		1	0	7.1	4.91	4	4	0	1.23	1.000	2.00	.321	.292	.613	7.36	4.91	6.14	1.50	16.09
Foltynewicz, M 		1	2	21.2	4.57	11	11	5	1.34	.333	0.84	.323	.556	.878	7.06	0.83	11.22	8.50	17.54
Gallardo, Y 		1	1	18.0	7.00	14	14	1	1.67	.500	0.91	.366	.472	.838	4.50	3.50	11.50	1.29	18.61
Gee, D 		1	1	31.0	2.90	10	10	4	1.29	.500	1.00	.323	.377	.700	7.55	3.48	8.13	2.17	15.39
Germen, G 		1	0	14.1	1.88	3	3	2	1.19	1.000	1.00	.298	.360	.658	7.53	4.40	6.28	1.71	16.67
Graveman, K 		1	6	42.2	5.48	26	26	10	1.55	.143	1.73	.356	.538	.894	6.96	3.59	10.34	1.94	17.13
Gray, J 		1	2	32.0	6.75	24	24	2	1.38	.333	1.65	.333	.400	.733	10.97	2.81	9.56	3.90	17.16
Greene, S 		1	2	14.1	6.28	10	10	0	1.40	.333	0.71	.344	.275	.619	6.91	5.65	6.91	1.22	17.37
Grilli, J 		1	2	14.2	6.14	11	10	2	1.70	.333	0.25	.371	.448	.820	11.66	6.14	9.20	1.90	19.16
Hahn, J 		1	1	18.2	3.38	8	7	3	1.50	.500	2.46	.354	.458	.813	2.89	3.38	10.13	0.86	13.66
Hand, B 		1	0	22.1	2.82	7	7	2	1.34	1.000	0.74	.316	.293	.609	11.28	5.64	6.45	2.00	18.13
Hernandez, D 		1	1	21.1	2.53	6	6	2	1.08	.500	0.88	.267	.316	.584	13.08	2.95	6.75	4.43	17.06
Heston, C 		1	1	5.0	10.80	6	6	0	3.00	.500	1.20	.536	.636	1.172	5.40	10.80	16.20	0.50	22.00
Hochevar, L 		1	0	19.1	2.79	6	6	2	0.88	1.000	0.68	.243	.362	.606	11.17	1.86	6.05	6.00	15.31
Howell, J 		1	1	11.1	7.15	9	9	0	1.50	.500	5.00	.360	.333	.693	6.35	3.18	10.32	2.00	19.32
Hudson, D 		1	1	19.0	1.42	3	3	0	0.68	.500	1.10	.211	.172	.383	6.63	2.37	3.79	2.80	14.63
Hughes, P 		1	7	48.2	5.55	31	30	9	1.32	.125	0.70	.312	.495	.807	4.99	1.66	10.17	3.00	15.21
Hunter, T 		1	1	8.2	2.08	2	2	0	0.81	.500	1.44	.226	.233	.459	3.12	1.04	6.23	3.00	11.54
Hutchison, D 		1	0	5.2	3.18	2	2	2	1.24	1.000	1.00	.318	.526	.844	7.94	4.76	6.35	1.67	16.76
Iglesias, R 		1	1	28.1	3.49	11	11	4	1.45	.500	0.96	.333	.461	.794	9.21	2.22	10.80	4.14	17.19
Jansen, K 		1	1	16.2	1.62	3	3	1	0.60	.500	0.71	.175	.268	.443	10.26	0.54	4.86	19.00	13.14
Jeffress, J 		1	0	19.0	2.37	5	5	1	1.21	1.000	2.33	.316	.366	.682	6.16	1.89	9.00	3.25	14.16
Jennings, D 		1	1	19.2	1.83	5	4	0	1.27	.500	2.07	.325	.290	.615	5.95	4.12	7.32	1.44	16.73
Johnson, S 		1	0	6.0	1.50	1	1	1	1.00	1.000	0.56	.240	.238	.478	7.50	6.00	3.00	1.25	16.67
Kela, K 		1	0	6.1	7.11	5	5	3	1.58	1.000	2.50	.367	.615	.982	17.05	4.26	9.95	4.00	21.79
Kelley, S 		1	0	15.0	0.00	0	0	0	0.80	1.000	0.64	.214	.259	.474	12.60	1.20	6.00	10.50	14.47
Law, D 		1	0	13.1	2.70	4	4	0	1.43	1.000	1.80	.322	.393	.715	8.10	2.03	10.80	4.00	14.78
Lowe, M 		1	2	15.1	7.04	12	12	4	1.43	.333	1.50	.343	.607	.950	8.22	4.11	8.80	2.00	16.37
Lyles, J 		1	1	17.2	7.64	18	15	1	1.87	.500	1.53	.400	.458	.858	4.58	5.60	11.21	0.82	16.47
Lyons, T 		1	0	20.2	4.35	10	10	6	1.06	1.000	1.60	.268	.500	.768	9.15	2.18	7.40	4.20	13.60
Mahle, G 		1	0	13.2	3.29	5	5	1	1.32	1.000	1.33	.339	.354	.693	6.59	4.61	7.24	1.43	15.37
Manaea, S 		1	2	26.0	7.62	22	22	4	1.50	.333	0.90	.348	.471	.819	5.88	2.77	10.73	2.13	15.12
Mazzaro, V 		1	0	1.0	54.00	9	6	0	8.00	1.000	3.00	.692	.909	1.601	0.00	9.00	63.00	0.00	45.00
Medlen, K 		1	3	24.1	7.77	25	21	2	2.05	.250	1.22	.420	.464	.884	6.66	7.40	11.10	0.90	19.52
Miller, J 		1	1	16.1	5.51	10	10	3	1.71	.500	0.65	.368	.574	.942	11.02	3.86	11.57	2.86	18.67
Miller, S 		1	5	40.2	6.64	30	30	9	1.80	.167	0.98	.396	.516	.911	5.98	5.53	10.62	1.08	18.20
Montgomery, M 		1	0	23.2	1.90	5	5	0	0.89	1.000	1.82	.270	.205	.475	6.85	2.66	5.32	2.57	14.37
Moore, M 		1	3	46.0	5.09	26	26	8	1.37	.250	0.85	.325	.429	.754	9.00	2.93	9.39	3.07	17.22
Morgan, A 		1	2	25.2	5.61	16	16	2	1.40	.333	0.69	.333	.420	.753	5.26	3.16	9.47	1.67	17.26
Morin, M 		1	0	17.2	4.58	9	9	2	1.08	1.000	0.36	.268	.333	.601	7.13	2.55	7.13	2.80	15.28
Morton, C 		1	1	17.1	4.15	8	8	1	1.33	.500	3.14	.329	.323	.651	9.87	4.15	7.79	2.38	15.92
Narveson, C 		1	0	8.1	8.64	8	8	3	1.44	1.000	0.90	.342	.571	.914	6.48	2.16	10.80	3.00	15.60
Neris, H 		1	1	26.0	1.38	4	4	3	0.73	.500	0.72	.208	.253	.461	11.42	2.42	4.15	4.71	15.62
Neshek, P 		1	0	13.2	3.95	6	6	4	0.73	1.000	0.65	.196	.458	.654	9.22	1.98	4.61	4.67	15.66
Nolasco, R 		1	2	49.1	4.74	30	26	7	1.24	.333	1.08	.296	.461	.757	7.84	1.64	9.49	4.78	16.03
Norris, B 		1	5	36.1	5.94	25	24	6	1.65	.167	1.08	.378	.476	.854	6.69	4.21	10.65	1.59	17.61
O'Sullivan, S 		1	0	11.1	7.94	11	10	2	1.85	1.000	0.80	.382	.528	.910	5.56	1.59	15.09	3.50	16.68
Odorizzi, J 		1	2	49.2	3.81	22	21	8	1.23	.333	0.76	.302	.436	.738	6.89	2.36	8.70	2.92	17.72
Ogando, A 		1	1	20.0	3.15	9	7	1	1.80	.500	0.76	.398	.408	.806	8.55	5.40	10.80	1.58	18.95
Oh, S 		1	0	22.2	1.19	3	3	0	0.75	1.000	0.95	.202	.169	.371	12.31	2.78	3.97	4.43	16.54
Peavy, J 		1	5	41.2	8.21	38	38	8	1.90	.167	1.02	.400	.624	1.024	7.78	3.67	13.39	2.12	18.29
Peralta, J 		1	0	18.1	4.42	9	9	5	1.15	1.000	0.35	.280	.522	.802	11.29	2.45	7.85	4.60	17.18
Perdomo, L 		1	0	15.2	9.77	17	17	0	2.43	1.000	1.67	.464	.562	1.026	7.47	4.60	17.23	1.63	20.04
Perez, M 		1	4	54.1	3.48	23	21	4	1.34	.200	1.98	.338	.340	.678	5.13	4.64	7.45	1.11	15.87
Perez, O 		1	1	12.0	3.00	4	4	0	1.17	.500	1.71	.313	.244	.556	11.25	4.50	6.00	2.50	14.42
Petit, Y 		1	0	22.2	1.59	4	4	2	0.97	1.000	0.48	.256	.309	.564	7.54	1.99	6.75	3.80	13.81
Pineda, M 		1	5	43.2	6.60	33	32	10	1.65	.167	1.26	.371	.576	.947	10.31	2.89	11.95	3.57	18.30
Pressly, R 		1	3	25.0	5.04	14	14	4	1.60	.250	0.85	.363	.429	.791	8.64	5.04	9.36	1.71	16.92
Putnam, Z 		1	0	16.2	3.24	6	6	1	1.20	1.000	0.76	.294	.323	.617	9.72	2.70	8.10	3.60	15.48
Ramirez, J 		1	2	17.0	4.76	10	9	3	1.12	.333	1.57	.279	.417	.696	7.41	3.18	6.88	2.33	14.53
Ramos, C 		1	2	22.2	3.57	9	9	4	1.46	.333	1.40	.344	.483	.827	5.96	3.57	9.53	1.67	15.44
Ranaudo, A 		1	0	3.2	17.18	7	7	1	2.73	1.000	0.80	.500	.417	.917	4.91	19.64	4.91	0.25	27.27
Richards, G 		1	3	34.2	2.34	16	9	2	1.33	.250	1.23	.322	.362	.683	8.83	3.89	8.05	2.27	17.74
Rodriguez, F 		1	0	24.1	2.22	6	6	2	1.03	1.000	0.59	.266	.306	.572	8.88	3.33	5.92	2.67	16.11
Romero, E 		1	0	16.1	2.76	6	5	1	0.80	1.000	0.89	.213	.167	.380	6.61	3.86	3.31	1.71	14.08
Rosenthal, T 		1	1	14.0	2.57	6	4	2	1.79	.500	3.75	.379	.370	.749	14.14	7.71	8.36	1.83	22.64
Rusin, C 		1	2	32.0	4.50	16	16	0	1.47	.333	3.27	.356	.415	.770	7.31	3.09	10.13	2.36	15.16
Ryan, K 		1	1	18.2	2.89	6	6	1	1.23	.500	1.56	.329	.426	.755	3.86	1.45	9.64	2.67	13.61
Santana, E 		1	2	37.1	3.13	16	13	3	1.34	.333	1.14	.316	.390	.707	7.71	3.38	8.68	2.29	16.88
Saupold, W 		1	0	3.1	0.00	0	0	0	1.50	1.000	5.00	.333	.231	.564	10.80	5.40	8.10	2.00	15.90
Shreve, C 		1	1	18.0	4.00	8	8	5	1.00	.500	1.53	.260	.515	.775	8.00	2.00	7.00	4.00	15.28
Simon, A 		1	5	36.1	10.16	43	41	9	2.15	.167	1.36	.444	.591	1.036	6.69	4.21	15.11	1.59	20.15
Smith, J 		1	3	22.0	4.50	11	11	3	1.18	.250	1.45	.326	.383	.709	5.73	2.45	8.18	2.33	15.18
Street, H 		1	0	7.2	1.17	1	1	1	0.78	1.000	0.64	.214	.269	.484	4.70	2.35	4.70	2.00	12.26
Stripling, R 		1	3	42.2	4.85	24	23	3	1.41	.250	1.42	.330	.410	.739	6.96	3.80	8.86	1.83	17.06
Strop, P 		1	1	16.2	3.24	6	6	1	1.02	.500	5.25	.273	.259	.531	12.42	3.78	5.40	3.29	15.72
Suarez, A 		1	0	7.0	0.00	0	0	0	0.86	1.000	1.67	.269	.208	.478	3.86	1.29	6.43	3.00	14.00
Teheran, J 		1	4	56.0	2.73	20	17	5	1.11	.200	0.82	.287	.341	.628	7.55	2.73	7.23	2.76	16.07
Tonkin, M 		1	2	22.1	3.22	8	8	3	1.12	.333	0.42	.297	.415	.711	11.28	2.82	7.25	4.00	17.37
Urena, J 		1	0	16.1	5.51	12	10	1	1.47	1.000	1.80	.329	.418	.747	4.96	3.31	9.92	1.50	18.06
VerHagen, D 		1	0	19.0	7.11	15	15	3	1.84	1.000	1.75	.400	.568	.968	4.74	3.32	13.26	1.43	18.21
Villanueva, C 		1	0	24.2	5.11	14	14	8	1.50	1.000	1.47	.349	.624	.973	8.39	1.46	12.04	5.75	16.66
Vizcaino, A 		1	0	18.2	1.45	4	3	1	1.13	1.000	1.38	.269	.254	.523	12.54	3.38	6.75	3.71	15.75
Vogelsong, R 		1	1	19.2	4.12	10	9	3	1.53	.500	0.95	.360	.493	.854	6.41	4.58	9.15	1.40	17.44
Wagner, T 		1	0	10.0	1.80	3	2	0	1.10	1.000	1.44	.275	.316	.591	6.30	1.80	8.10	3.50	14.50
Watson, T 		1	0	19.2	2.29	7	5	3	1.02	1.000	1.33	.273	.364	.636	7.32	4.12	5.03	1.78	15.25
Weber, R 		1	0	7.2	10.57	9	9	2	2.09	1.000	1.50	.410	.789	1.200	9.39	1.17	17.61	8.00	17.35
Wood, A 		1	3	51.1	4.03	28	23	5	1.25	.250	1.50	.309	.362	.671	9.64	2.81	8.42	3.44	16.32
Young, C 		1	5	32.1	6.68	24	24	13	1.52	.167	0.50	.336	.612	.948	8.63	3.06	10.58	2.82	18.37
Ziegler, B 		1	2	18.1	2.95	6	6	0	1.64	.333	2.17	.383	.371	.754	5.89	4.91	9.82	1.20	16.09
Zych, T 		1	0	12.0	3.00	5	4	0	1.25	1.000	1.50	.320	.244	.564	14.25	6.00	5.25	2.38	17.25
Achter, A 		0	0	11.1	4.76	6	6	3	1.59	-	1.45	.380	.578	.958	3.18	2.38	11.91	1.33	15.71
Adams, A 		0	0	2.0	0.00	0	0	0	0.50	-	1.00	.143	.286	.429	9.00	0.00	4.50	-	10.50
Alexander, S 		0	0	6.1	1.42	1	1	0	0.79	-	2.67	.208	.208	.417	11.37	0.00	7.11	-	14.21
Anderson, C 		0	3	32.2	7.99	29	29	10	1.78	.000	1.12	.391	.627	1.017	6.06	1.93	14.05	3.14	16.41
Antolin, D 		0	0	2.0	13.50	3	3	1	2.50	-	0.00	.455	.800	1.255	4.50	4.50	18.00	1.00	21.00
Avilan, L 		0	0	0.2	40.50	3	3	0	7.50	-	-	.714	.600	1.314	13.50	27.00	40.50	0.50	31.50
Baez, P 		0	0	18.0	4.50	9	9	4	1.22	-	1.20	.299	.426	.725	11.00	3.50	7.50	3.14	16.61
Barrett, J 		0	0	17.0	2.65	5	5	2	0.94	-	0.75	.271	.391	.662	8.47	1.59	6.88	5.33	16.29
Bassitt, C 		0	2	28.0	6.11	20	19	5	1.75	.000	1.10	.368	.487	.856	7.39	4.50	11.25	1.64	17.96
Bastardo, A 		0	0	19.1	2.79	6	6	1	1.29	-	0.80	.318	.268	.585	10.24	5.12	6.52	2.00	18.47
Belisle, M 		0	0	6.0	1.50	1	1	0	1.17	-	0.75	.292	.391	.683	4.50	1.50	9.00	3.00	14.83
Blair, A 		0	3	21.1	7.59	20	18	1	1.88	.000	0.88	.417	.463	.880	3.38	5.06	11.81	0.67	17.53
Bolsinger, M 		0	1	4.1	6.23	3	3	1	2.08	.000	1.50	.450	.611	1.061	4.15	4.15	14.54	1.00	15.92
Boscan, W 		0	0	2.0	0.00	0	0	0	0.50	-	1.00	.143	.143	.286	9.00	0.00	4.50	-	14.00
Bowman, M 		0	1	20.2	3.92	10	9	2	1.16	.000	3.18	.287	.338	.625	6.97	2.18	8.27	3.20	15.34
Boyd, M 		0	0	4.2	0.00	0	0	0	1.07	-	2.33	.294	.143	.437	3.86	5.79	3.86	0.67	14.79
Bracho, S 		0	0	1.2	16.20	3	3	1	4.20	-	0.33	.615	1.000	1.615	5.40	10.80	27.00	0.50	37.20
Breslow, C 		0	2	14.0	4.50	9	7	1	1.79	.000	0.72	.403	.466	.869	4.50	2.57	13.50	1.75	15.00
Broadway, M 		0	0	5.1	11.81	7	7	2	1.88	-	1.20	.400	.667	1.067	6.75	1.69	15.19	4.00	15.94
Broxton, J 		0	0	17.1	4.67	10	9	1	1.44	-	1.06	.333	.313	.646	8.31	6.23	6.75	1.33	18.75
Bundy, D 		0	0	17.2	4.58	10	9	2	1.58	-	0.56	.377	.443	.819	4.58	3.06	11.21	1.50	17.26
Burgos, E 		0	0	6.2	8.10	6	6	1	1.65	-	1.14	.367	.520	.887	5.40	5.40	9.45	1.00	18.60
Buschmann, M 		0	0	4.1	2.08	1	1	1	0.69	-	3.50	.200	.357	.557	6.23	2.08	4.15	3.00	14.77
Cahill, T 		0	1	21.0	2.57	7	6	3	1.38	.000	1.65	.316	.325	.641	8.57	6.00	6.43	1.43	18.57
Caminero, A 		0	2	15.2	5.74	11	10	3	2.11	.000	1.58	.442	.594	1.035	7.47	6.89	12.06	1.08	20.43
Carroll, S 		0	0	2.1	11.57	3	3	0	1.29	-	1.00	.400	.375	.775	7.71	3.86	7.71	2.00	18.43
Castro, M 		0	0	7.0	1.29	1	1	1	0.71	-	3.00	.192	.292	.484	11.57	2.57	3.86	4.50	14.57
Cecil, B 		0	5	10.1	5.23	7	6	1	1.94	.000	0.83	.412	.500	.912	7.84	2.61	14.81	3.00	18.19
Cervenka, H 		0	0	12.2	2.13	3	3	0	1.11	-	0.62	.275	.205	.479	11.37	4.97	4.97	2.29	18.55
Cessa, L 		0	0	2.0	4.50	1	1	1	1.00	-	0.33	.250	.625	.875	9.00	0.00	9.00	-	18.00
Chafin, A 		0	1	15.1	6.46	11	11	1	1.57	.000	1.30	.369	.397	.766	10.57	4.11	9.98	2.57	14.87
Chamberlain, J 		0	0	14.0	1.93	4	3	1	0.86	-	1.50	.231	.289	.520	9.64	3.86	3.86	2.50	16.36
Chapman, A 		0	0	6.0	1.50	1	1	0	0.67	-	0.67	.182	.190	.372	12.00	1.50	4.50	8.00	16.83
Chavez, J 		0	1	14.1	3.14	5	5	4	1.47	.000	1.18	.349	.536	.885	10.67	3.14	10.05	3.40	17.30
Cingrani, T 		0	2	20.2	3.48	8	8	2	1.40	.000	1.24	.348	.411	.759	8.71	5.66	6.97	1.54	18.00
Clevinger, M 		0	0	5.1	6.75	4	4	1	1.13	-	1.20	.273	.429	.701	8.44	1.69	8.44	5.00	17.06
Coke, P 		0	0	6.0	6.00	5	4	1	1.83	-	1.29	.414	.583	.997	1.50	6.00	10.50	0.25	16.67
Coleman, L 		0	1	17.2	3.06	8	6	0	1.02	.000	0.95	.264	.258	.522	8.66	4.08	5.09	2.13	17.15
Cosart, J 		0	1	14.2	7.98	14	13	0	2.11	.000	6.00	.425	.351	.776	4.91	9.20	9.82	0.53	21.07
Cotham, C 		0	3	22.0	7.36	19	18	3	1.82	.000	0.88	.398	.500	.898	7.36	4.09	12.27	1.80	17.27
Coulombe, D 		0	0	2.0	13.50	3	3	1	2.50	-	3.00	.455	.667	1.121	9.00	9.00	13.50	1.00	17.00
Cravy, T 		0	1	9.2	6.52	7	7	2	1.66	.000	0.38	.372	.600	.972	8.38	1.86	13.03	4.50	17.07
Crockett, K 		0	0	3.2	14.73	6	6	0	2.45	-	2.50	.450	.500	.950	9.82	4.91	17.18	2.00	24.27
Cuevas, W 		0	1	2.1	7.71	2	2	0	2.14	.000	0.50	.500	.625	1.125	0.00	7.71	11.57	0.00	18.86
Curtis, Z 		0	0	6.1	0.00	0	0	0	0.95	-	1.17	.250	.143	.393	7.11	4.26	4.26	1.67	16.74
Danks, J 		0	4	22.1	7.25	20	18	5	1.75	.000	0.50	.390	.575	.965	6.45	4.43	11.28	1.45	17.33
Dean, P 		0	1	14.0	3.86	6	6	2	1.57	.000	0.59	.361	.482	.843	7.71	3.21	10.93	2.40	17.36
Delabar, S 		0	0	8.0	6.75	6	6	1	1.88	-	0.75	.400	.379	.779	11.25	11.25	5.63	1.00	21.63
Detwiler, R 		0	0	4.2	5.79	3	3	1	1.50	-	1.75	.333	.500	.833	5.79	7.71	5.79	0.75	19.50
Devenski, C 		0	2	34.1	3.15	12	12	2	1.19	.000	0.52	.309	.365	.674	7.34	2.36	8.39	3.11	15.29
Diaz, D 		0	0	1.0	0.00	0	0	0	1.00	-	-	.333	.333	.667	0.00	0.00	9.00	-	14.00
Diaz, J 		0	0	10.0	6.30	7	7	5	1.70	-	1.20	.386	.676	1.062	5.40	6.30	9.00	0.86	17.90
Diekman, J 		0	1	16.1	2.20	6	4	2	0.92	.000	1.00	.246	.283	.529	12.67	2.20	6.06	5.75	17.51
Drabek, K 		0	0	2.0	4.50	1	1	0	2.50	-	3.00	.455	.143	.597	9.00	18.00	4.50	0.50	26.00
Duffy, D 		0	0	25.1	2.13	6	6	1	1.14	-	0.76	.291	.330	.621	10.30	2.49	7.82	4.14	14.96
Duke, Z 		0	0	15.2	2.87	5	5	1	1.21	-	2.88	.302	.390	.691	8.62	2.30	8.62	3.75	15.96
Dull, R 		0	0	23.1	3.47	10	9	4	0.94	-	0.68	.242	.402	.644	9.64	1.93	6.56	5.00	16.63
Dyson, S 		0	1	21.0	2.14	5	5	1	1.10	.000	3.56	.309	.329	.637	6.43	2.57	7.29	2.50	13.05
Ege, C 		0	0	3.0	12.00	4	4	1	3.33	-	0.20	.579	1.000	1.579	6.00	6.00	24.00	1.00	19.67
Elias, R 		0	0	1.2	16.20	3	3	0	3.60	-	-	.545	.889	1.434	5.40	10.80	21.60	0.50	19.20
Eveland, D 		0	1	12.0	8.25	11	11	2	1.92	.000	1.88	.417	.490	.906	9.00	6.75	10.50	1.33	19.00
Farmer, B 		0	0	8.1	2.16	2	2	1	1.08	-	0.86	.303	.310	.613	10.80	3.24	6.48	3.33	15.00
Farquhar, D 		0	0	5.1	3.38	2	2	2	1.69	-	0.38	.360	.609	.969	8.44	3.38	11.81	2.50	20.06
Faulkner, A 		0	0	5.2	7.94	7	5	3	2.12	-	0.78	.414	.680	1.094	1.59	6.35	12.71	0.25	20.29
Fields, J 		0	0	15.2	6.89	14	12	2	1.66	-	0.67	.366	.612	.978	11.49	1.72	13.21	6.67	17.04
Flores, K 		0	0	3.0	0.00	0	0	0	1.33	-	0.14	.308	.100	.408	3.00	9.00	3.00	0.33	19.67
Freeman, S 		0	0	7.2	12.91	11	11	2	2.87	-	0.40	.500	.636	1.136	9.39	10.57	15.26	0.89	23.35
Friedrich, C 		0	1	9.1	2.89	3	3	0	2.04	.000	2.00	.432	.382	.814	5.79	8.68	9.64	0.67	20.46
Gant, J 		0	0	9.0	7.00	8	7	2	1.67	-	1.00	.381	.639	1.020	12.00	4.00	11.00	3.00	19.78
Garcia, L 		0	0	1.0	0.00	0	0	0	1.00	-	2.00	.250	.250	.500	0.00	0.00	9.00	-	15.00
Garcia, Y 		0	0	8.1	3.24	3	3	0	1.20	-	0.54	.333	.310	.644	4.32	1.08	9.72	4.00	15.36
Gausman, K 		0	1	36.2	2.70	12	11	3	1.12	.000	0.97	.287	.374	.661	7.36	1.96	8.10	3.75	16.47
Gearrin, C 		0	0	18.2	3.38	7	7	0	1.18	-	1.63	.303	.348	.650	5.30	1.93	8.68	2.75	13.66
Geltz, S 		0	2	16.1	6.06	11	11	7	1.22	.000	0.24	.304	.565	.869	6.61	3.31	7.71	2.00	17.57
Gibson, K 		0	3	20.2	6.10	16	14	2	1.74	.000	1.89	.376	.447	.823	4.79	5.23	10.45	0.92	18.44
Giles, K 		0	2	17.1	6.23	12	12	4	1.56	.000	0.88	.333	.479	.813	11.94	3.63	10.38	3.29	18.40
Gilmartin, S 		0	0	5.0	0.00	0	0	0	0.40	-	1.50	.118	.118	.235	9.00	0.00	3.60	-	14.20
Girodo, C 		0	0	8.0	3.38	3	3	2	1.00	-	5.33	.281	.467	.748	4.50	1.13	7.88	4.00	13.13
Goforth, D 		0	0	5.0	7.20	4	4	1	1.60	-	3.33	.348	.524	.872	3.60	3.60	10.80	1.00	16.20
Gonzalez, M 		0	1	21.2	4.57	11	11	3	1.62	.000	0.88	.366	.437	.803	7.89	4.15	10.38	1.90	17.68
Goody, N 		0	0	11.0	1.64	2	2	1	1.00	-	0.17	.267	.381	.648	9.82	0.82	8.18	12.00	15.64
Graham, J 		0	0	1.2	10.80	2	2	0	2.40	-	0.50	.444	.625	1.069	10.80	5.40	16.20	2.00	13.80
Green, C 		0	1	4.0	9.00	6	4	2	2.25	.000	2.00	.391	.773	1.164	11.25	2.25	18.00	5.00	19.75
Gregerson, L 		0	1	19.2	3.66	8	8	0	0.97	.000	3.20	.260	.329	.588	6.86	2.29	6.41	3.00	13.47
Grimm, J 		0	0	15.2	4.02	7	7	2	1.21	-	1.08	.303	.373	.676	10.91	3.45	7.47	3.17	15.89
Guaipe, M 		0	0	7.1	4.91	6	4	0	1.64	-	0.89	.353	.310	.663	6.14	4.91	9.82	1.25	16.36
Guerra, D 		0	0	1.0	0.00	0	0	0	0.00	-	-	.000	.000	.000	18.00	0.00	0.00	-	16.00
Guerra, J 		0	0	3.0	9.00	3	3	1	2.33	-	1.00	.500	.636	1.136	12.00	12.00	9.00	1.00	25.33
Guerrero, T 		0	0	2.0	4.50	1	1	0	2.00	-	0.67	.444	.500	.944	0.00	4.50	13.50	0.00	11.00
Gurka, J 		0	0	9.2	9.31	10	10	1	1.86	-	1.50	.400	.571	.971	6.52	1.86	14.90	3.50	16.03
Hale, D 		0	0	2.0	13.50	3	3	1	3.00	-	0.25	.500	.700	1.200	4.50	9.00	18.00	0.50	24.00
Hardy, B 		0	0	7.1	2.45	3	2	1	1.09	-	0.70	.267	.393	.660	6.14	2.45	7.36	2.50	17.32
Harris, W 		0	1	19.2	0.46	1	1	0	0.66	.000	2.42	.178	.157	.335	9.15	0.92	5.03	10.00	14.03
Hayes, D 		0	0	9.2	8.38	10	9	3	2.17	-	1.38	.438	.643	1.080	7.45	5.59	13.97	1.33	20.07
Heaney, A 		0	1	6.0	6.00	4	4	2	1.17	.000	1.20	.280	.560	.840	10.50	0.00	10.50	-	14.50
Henderson, J 		0	2	15.0	3.00	5	5	1	1.27	.000	0.21	.297	.345	.642	13.20	3.60	7.80	3.67	19.47
Hendriks, L 		0	0	16.1	8.27	16	15	2	1.78	-	1.45	.395	.507	.902	10.47	0.55	15.43	19.00	18.43
Herrera, K 		0	1	22.1	0.81	3	2	0	0.90	.000	0.86	.253	.301	.554	10.48	0.81	7.25	13.00	14.06
Hessler, K 		0	0	3.0	9.00	3	3	0	2.33	-	0.75	.471	.500	.971	6.00	6.00	15.00	1.00	21.33
Hinojosa, D 		0	1	11.0	3.27	4	4	1	1.18	.000	1.09	.295	.350	.645	6.55	2.45	8.18	2.67	16.09
Hoover, J 		0	1	10.2	14.34	18	17	6	2.34	.000	0.92	.439	.843	1.282	5.91	5.06	16.03	1.17	23.62
Hughes, J 		0	0	8.1	3.24	4	3	1	2.04	-	0.82	.439	.563	1.002	4.32	7.56	10.80	0.57	18.24
Jackson, E 		0	1	5.2	1.59	1	1	0	1.59	.000	0.44	.375	.333	.708	3.18	4.76	9.53	0.67	17.12
Jackson, L 		0	0	2.0	18.00	4	4	1	3.00	-	1.00	.545	.778	1.323	4.50	9.00	18.00	0.50	19.00
Johnson, E 		0	1	5.0	7.20	4	4	2	2.20	.000	1.00	.440	.810	1.250	10.80	5.40	14.40	2.00	21.60
Johnson, J 		0	4	13.2	7.90	12	12	2	1.39	.000	2.71	.333	.396	.730	9.22	3.95	8.56	2.33	16.54
Jungmann, T 		0	4	20.2	9.15	22	21	3	1.94	.000	1.56	.426	.639	1.064	5.66	5.66	11.76	1.00	20.27
Kahnle, T 		0	0	1.0	0.00	0	0	0	2.00	-	-	.500	.000	.500	0.00	18.00	0.00	0.00	14.00
Kelly, C 		0	1	8.0	4.50	4	4	1	1.38	.000	0.77	.351	.588	.940	1.13	1.13	11.25	1.00	16.75
Kensing, L 		0	0	4.2	1.93	1	1	0	2.14	-	2.33	.476	.474	.950	1.93	3.86	15.43	0.50	16.50
Kiekhefer, D 		0	0	5.1	1.69	1	1	1	0.75	-	0.83	.238	.350	.588	8.44	0.00	6.75	-	14.06
Kimbrel, C 		0	1	19.0	2.37	5	5	2	0.74	.000	0.41	.225	.213	.438	14.68	3.79	2.84	3.88	16.16
Kintzler, B 		0	0	6.2	2.70	2	2	1	1.35	-	2.00	.333	.500	.833	4.05	1.35	10.80	3.00	15.30
Kirkman, M 		0	0	2.1	19.29	5	5	0	3.43	-	2.00	.533	.786	1.319	3.86	3.86	27.00	1.00	17.14
Klein, P 		0	1	8.2	5.19	5	5	2	1.15	.000	0.63	.286	.485	.771	12.46	2.08	8.31	6.00	17.19
Kontos, G 		0	1	7.2	3.52	3	3	2	1.17	.000	1.43	.290	.517	.808	5.87	2.35	8.22	2.50	13.70
Kratz, E 		0	0	1.0	9.00	2	1	0	3.00	-	2.00	.500	.500	1.000	0.00	0.00	27.00	-	27.00
Krol, I 		0	0	7.0	2.57	2	2	0	1.57	-	0.60	.387	.357	.744	14.14	2.57	11.57	5.50	15.86
Lamb, J 		0	2	20.0	5.40	13	12	3	1.65	.000	1.00	.367	.481	.848	4.95	4.05	10.80	1.22	17.70
Layne, T 		0	0	11.2	2.31	3	3	1	1.29	-	1.71	.326	.359	.685	10.03	5.40	6.17	1.86	15.77
Leon, A 		0	0	2.1	7.71	2	2	1	1.71	-	1.50	.364	.700	1.064	7.71	3.86	11.57	2.00	19.71
Leone, D 		0	0	2.2	10.13	3	3	1	2.25	-	1.50	.462	.727	1.189	6.75	6.75	13.50	1.00	16.12
Liberatore, A 		0	0	11.2	1.54	2	2	0	1.20	-	0.92	.306	.333	.639	8.49	3.09	7.71	2.75	16.63
Light, P 		0	0	1.0	18.00	2	2	0	3.00	-	-	.500	.400	.900	0.00	9.00	18.00	0.00	16.00
Logan, B 		0	0	14.0	1.93	4	3	0	1.00	-	1.67	.259	.265	.525	10.93	3.21	5.79	3.40	16.21
Lopez, J 		0	1	8.0	4.50	5	4	1	1.25	.000	1.43	.324	.400	.724	6.75	3.38	7.88	2.00	15.75
Luebke, C 		0	0	3.2	14.73	6	6	2	3.27	-	0.13	.522	.824	1.345	4.91	12.27	17.18	0.40	24.82
Maness, S 		0	1	12.2	6.39	10	9	1	1.97	.000	2.44	.410	.607	1.017	4.26	2.84	14.92	1.50	18.71
Manship, J 		0	0	12.2	4.26	6	6	1	1.66	-	1.55	.375	.469	.844	4.97	4.97	9.95	1.00	17.13
Marinez, J 		0	0	5.2	1.59	1	1	1	0.53	-	2.33	.150	.263	.413	11.12	1.59	3.18	7.00	13.59
Marksberry, M 		0	0	0.2	13.50	1	1	0	1.50	-	0.00	.500	.667	1.167	13.50	0.00	13.50	-	21.00
Marshall, E 		0	1	11.1	5.56	10	7	0	1.76	.000	2.71	.385	.400	.785	4.76	5.56	10.32	0.86	16.85
Martinez, N 		0	1	0.1	27.00	1	1	0	9.00	.000	-	.800	.500	1.300	0.00	54.00	27.00	0.00	63.00
Matusz, B 		0	0	6.0	12.00	8	8	3	3.00	-	0.78	.514	.778	1.292	1.50	10.50	16.50	0.14	24.67
Maurer, B 		0	1	21.0	4.29	11	10	3	1.33	.000	0.62	.311	.397	.709	12.00	5.14	6.86	2.33	19.43
May, T 		0	2	21.0	5.14	13	12	5	1.52	.000	0.40	.337	.511	.848	12.86	3.86	9.86	3.33	20.05
McCullers, L 		0	1	10.2	5.91	7	7	0	1.69	.000	1.57	.383	.415	.798	9.28	5.06	10.13	1.83	16.97
McFarland, T 		0	1	13.1	4.73	7	7	0	1.20	.000	2.78	.296	.320	.616	2.70	2.70	8.10	1.00	14.55
McGee, J 		0	1	17.2	3.57	7	7	1	1.42	.000	0.81	.342	.414	.756	6.11	2.55	10.19	2.40	17.43
McGowan, D 		0	1	11.0	4.09	5	5	1	1.18	.000	3.00	.311	.375	.686	5.73	3.27	7.36	1.75	15.64
Melancon, M 		0	1	18.2	2.41	8	5	1	1.23	.000	0.82	.304	.319	.623	7.23	2.41	8.68	3.00	15.05
Melville, T 		0	1	9.0	11.00	12	11	5	2.78	.000	1.50	.500	.810	1.310	8.00	9.00	16.00	0.89	22.56
Meyer, A 		0	1	3.2	12.27	5	5	1	3.27	.000	0.20	.522	.737	1.259	12.27	9.82	19.64	1.25	25.36
Mills, A 		0	0	0.2	13.50	1	1	0	4.50	-	1.00	.667	.333	1.000	0.00	27.00	13.50	0.00	31.50
Milone, T 		0	1	23.1	5.79	17	15	5	1.41	.000	1.71	.344	.506	.849	7.33	2.70	10.03	2.71	18.09
Montero, R 		0	0	2.1	11.57	3	3	0	2.57	-	0.50	.500	.545	1.045	11.57	3.86	19.29	3.00	20.57
Morales, F 		0	0	0.2	0.00	0	0	0	0.00	-	0.00	.000	.000	.000	0.00	0.00	0.00	-	10.50
Morris, B 		0	0	16.2	3.24	6	6	4	1.38	-	1.83	.343	.450	.793	6.48	4.86	7.56	1.33	15.96
Moscot, J 		0	2	15.2	4.02	10	7	4	1.40	.000	1.15	.333	.448	.782	3.45	5.17	7.47	0.67	18.38
Moylan, P 		0	0	3.0	0.00	0	0	0	1.33	-	-	.286	.231	.516	15.00	3.00	9.00	5.00	15.67
Mullee, C 		0	0	1.0	9.00	1	1	0	3.00	-	-	.571	.000	.571	9.00	27.00	0.00	0.33	31.00
Murray, C 		0	0	7.1	0.00	0	0	0	1.09	-	1.29	.286	.250	.536	6.14	4.91	4.91	1.25	14.59
Neal, Z 		0	0	3.0	9.00	3	3	1	1.33	-	0.75	.308	.615	.923	6.00	0.00	12.00	-	17.33
Norris, D 		0	0	1.0	0.00	0	0	0	1.00	-	0.50	.250	.000	.250	0.00	9.00	0.00	0.00	10.00
Nuno, V 		0	0	14.0	1.29	2	2	1	0.86	-	0.73	.222	.346	.568	10.29	0.64	7.07	16.00	14.79
O'Flaherty, E 		0	3	12.1	5.84	10	8	2	1.54	.000	1.25	.345	.519	.865	6.57	2.19	11.68	3.00	15.24
O'Rourke, R 		0	0	7.1	4.91	5	4	1	1.50	-	0.88	.387	.360	.747	6.14	6.14	7.36	1.00	16.50
Oberg, S 		0	0	11.1	4.76	6	6	2	1.50	-	0.47	.367	.419	.786	4.76	3.97	9.53	1.20	16.68
Ogando, N 		0	0	3.0	3.00	1	1	0	1.00	-	6.00	.250	.182	.432	6.00	3.00	6.00	2.00	15.67
Okert, S 		0	0	5.2	6.35	4	4	1	1.76	-	1.25	.400	.500	.900	9.53	4.76	11.12	2.00	16.41
Olson, T 		0	0	2.2	6.75	2	2	0	1.88	-	0.33	.385	.500	.885	0.00	6.75	10.13	0.00	17.62
Osich, J 		0	1	15.1	2.35	5	4	2	0.91	.000	4.67	.271	.308	.579	5.28	2.93	5.28	1.80	13.11
Otero, D 		0	0	16.1	1.10	2	2	0	1.10	-	1.85	.269	.266	.534	6.61	1.65	8.27	4.00	14.82
Owens, H 		0	0	12.1	5.11	7	7	3	2.11	-	0.53	.458	.591	1.049	6.57	9.49	9.49	0.69	19.62
Papelbon, J 		0	2	17.2	3.06	6	6	1	1.36	.000	0.67	.333	.388	.721	6.62	2.55	9.68	2.60	15.74
Patton, S 		0	0	0.0	-.--	1	1	0	-	-	-	1.000	2.000	3.000	-	-	-	0.00	-
Pelfrey, M 		0	4	41.0	5.49	30	25	8	1.80	.000	1.38	.392	.530	.921	5.05	3.95	12.29	1.28	18.44
Pena, A 		0	0	1.2	27.00	5	5	3	4.20	-	1.00	.636	1.556	2.192	0.00	10.80	27.00	0.00	25.80
Perkins, G 		0	0	2.0	9.00	2	2	0	3.00	-	0.00	.500	.700	1.200	13.50	4.50	22.50	3.00	24.00
Petricka, J 		0	0	8.0	4.50	5	4	1	2.00	-	3.00	.421	.433	.854	7.88	9.00	9.00	0.88	19.50
Phegley, J 		0	0	0.2	0.00	0	0	0	0.00	-	0.00	.000	.000	.000	13.50	0.00	0.00	-	15.00
Pinder, B 		0	0	1.0	18.00	2	2	0	4.00	-	-	.667	.600	1.267	9.00	9.00	27.00	1.00	18.00
Purke, M 		0	0	1.1	0.00	0	0	0	1.50	-	1.00	.286	.286	.571	6.75	0.00	13.50	-	20.25
Ramirez, J 		0	0	2.0	27.00	6	6	1	4.50	-	1.00	.600	.909	1.509	18.00	18.00	22.50	1.00	35.50
Ramirez, N 		0	0	7.2	4.70	4	4	1	1.70	-	0.33	.371	.400	.771	11.74	9.39	5.87	1.25	18.78
Ramirez, N 		0	0	9.1	5.79	6	6	1	2.04	-	1.00	.467	.529	.996	9.64	6.75	11.57	1.43	17.57
Ramos, A 		0	0	18.0	2.00	4	4	0	1.28	-	0.87	.320	.197	.517	11.50	6.00	5.50	1.92	16.56
Rasmus, C 		0	2	19.1	5.59	12	12	3	1.40	.000	0.42	.333	.377	.710	5.59	6.05	6.52	0.92	18.72
Reed, A 		0	0	20.0	2.25	5	5	1	1.05	-	1.33	.256	.250	.506	12.15	2.25	7.20	5.40	16.10
Richard, C 		0	0	8.1	5.40	7	5	0	1.56	-	5.00	.361	.333	.694	5.40	3.24	10.80	1.67	15.36
Rivero, F 		0	1	20.0	4.50	10	10	2	1.05	.000	2.09	.301	.365	.666	10.80	2.25	7.20	4.80	16.20
Robertson, D 		0	0	17.2	1.02	2	2	0	0.79	-	0.94	.219	.175	.394	10.19	3.06	4.08	3.33	14.49
Robles, H 		0	2	19.2	1.37	4	3	1	0.97	.000	0.50	.244	.314	.558	10.53	2.29	6.41	4.60	17.29
Rodney, F 		0	1	17.0	0.00	1	0	0	0.88	.000	1.50	.254	.130	.384	9.00	4.24	3.71	2.13	15.18
Rodriguez, F 		0	0	15.2	3.45	6	6	2	1.21	-	1.13	.297	.456	.753	7.47	3.45	7.47	2.17	16.53
Rogers, T 		0	0	4.1	6.23	3	3	2	1.85	-	1.67	.400	.750	1.150	8.31	0.00	16.62	-	19.85
Romo, S 		0	0	3.1	2.70	1	1	1	0.60	-	0.50	.167	.364	.530	2.70	2.70	2.70	1.00	15.30
Rondon, H 		0	1	14.1	1.26	2	2	1	0.56	.000	0.82	.154	.184	.338	15.07	1.26	3.77	12.00	14.30
Ross, R 		0	0	17.0	2.65	6	5	1	1.12	-	1.73	.282	.297	.579	11.12	3.18	6.88	3.50	17.59
Ross, T 		0	1	5.1	11.81	8	7	0	1.88	.000	1.50	.444	.542	.986	8.44	1.69	15.19	5.00	17.63
Russell, J 		0	0	4.1	18.69	9	9	2	3.23	-	0.50	.519	.762	1.280	8.31	10.38	18.69	0.80	26.77
Rzepczynski, M 		0	0	15.1	3.52	7	6	1	1.50	-	9.00	.343	.367	.710	8.22	4.11	9.39	2.00	17.22
Sampson, K 		0	1	7.0	7.71	6	6	3	2.14	.000	0.50	.429	.679	1.107	7.71	9.00	10.29	0.86	20.29
Scahill, R 		0	0	6.0	6.00	4	4	0	1.50	-	2.67	.385	.333	.718	7.50	4.50	9.00	1.67	14.17
Schugel, A 		0	1	16.1	4.96	10	9	2	1.35	.000	0.88	.310	.418	.728	9.37	2.20	9.92	4.25	17.51
Severino, L 		0	6	35.0	7.46	30	29	8	1.69	.000	1.31	.373	.547	.919	6.94	2.57	12.60	2.70	18.80
Shaw, B 		0	1	18.0	5.50	11	11	4	1.28	.000	1.07	.315	.485	.800	9.50	3.50	8.00	2.71	17.00
Sipp, T 		0	2	16.1	3.86	7	7	4	1.29	.000	0.67	.328	.516	.844	8.27	2.20	9.37	3.75	16.96
Smith, C 		0	0	2.2	0.00	1	0	0	1.13	-	2.00	.273	.200	.473	6.75	3.38	6.75	2.00	18.00
Snell, B 		0	0	5.0	1.80	1	1	0	0.60	-	0.25	.158	.111	.269	10.80	1.80	3.60	6.00	18.00
Solis, S 		0	1	11.1	2.38	3	3	1	1.06	.000	0.71	.261	.256	.517	7.94	5.56	3.97	1.43	16.24
Somsen, L 		0	0	2.1	19.29	5	5	2	3.86	-	4.00	.563	.923	1.486	7.71	11.57	23.14	0.67	24.86
Storen, D 		0	2	15.0	7.80	13	13	4	1.73	.000	1.00	.380	.576	.956	9.60	2.40	13.20	4.00	17.73
Stumpf, D 		0	0	0.2	40.50	3	3	1	4.50	-	0.00	.600	1.333	1.933	0.00	27.00	13.50	0.00	37.50
Surkamp, E 		0	3	22.0	6.55	16	16	4	1.95	.000	0.57	.407	.532	.939	4.91	5.73	11.86	0.86	19.59
Tazawa, J 		0	1	17.2	1.53	3	3	1	0.79	.000	0.76	.227	.217	.444	10.70	2.55	4.58	4.20	14.77
Tejada, R 		0	0	1.0	18.00	2	2	2	2.00	-	0.00	.400	1.600	2.000	0.00	0.00	18.00	-	19.00
Tepera, R 		0	1	2.1	11.57	3	3	0	3.43	.000	1.33	.563	.417	.979	3.86	11.57	19.29	0.33	23.57
Tolleson, S 		0	2	14.2	9.20	15	15	5	1.91	.000	1.54	.389	.642	1.031	6.75	3.07	14.11	2.20	19.98
Torres, C 		0	1	22.1	3.63	9	9	4	1.61	.000	0.76	.363	.460	.823	8.46	5.64	8.87	1.50	18.81
Triggs, A 		0	0	11.0	4.09	6	5	0	1.09	-	2.14	.289	.317	.606	8.18	2.45	7.36	3.33	15.36
Tsao, C 		0	1	1.2	5.40	1	1	0	2.40	.000	0.00	.444	.167	.611	0.00	16.20	5.40	0.00	21.60
Vargas, C 		0	2	32.1	3.34	12	12	4	1.48	.000	1.83	.348	.429	.776	7.52	3.62	9.74	2.08	16.89
Venditte, P 		0	0	6.0	4.50	6	3	0	2.00	-	0.89	.394	.370	.764	4.50	6.00	12.00	0.75	21.33
Webb, D 		0	0	1.0	0.00	0	0	0	3.00	-	-	.500	.400	.900	27.00	9.00	18.00	3.00	27.00
Webb, R 		0	0	15.0	3.00	6	5	2	1.47	-	1.00	.367	.456	.823	4.80	1.80	11.40	2.67	14.47
Wendelken, J 		0	0	2.1	19.29	5	5	1	3.00	-	0.67	.500	.667	1.167	7.71	7.71	19.29	1.00	28.29
Wilson, A 		0	0	15.1	4.11	8	7	1	1.11	-	0.65	.274	.316	.590	7.04	2.35	7.63	3.00	15.85
Wilson, J 		0	1	17.0	4.76	10	9	1	1.29	.000	2.50	.310	.412	.722	11.65	1.59	10.06	7.33	16.71
Winkler, D 		0	0	2.1	0.00	0	0	0	0.43	-	-	.125	.000	.125	15.43	3.86	0.00	4.00	14.14
Withrow, C 		0	0	7.0	3.86	3	3	1	1.43	-	0.78	.355	.360	.715	5.14	6.43	6.43	0.80	17.57
Wittgren, N 		0	0	5.2	3.18	2	2	1	1.59	-	1.17	.333	.391	.725	7.94	6.35	7.94	1.25	20.12
