Kershaw, C 		21	3	198.1	1.77	42	39	9	0.86	.875	1.52	.231	.289	.521	10.85	1.41	6.31	7.71	13.72
Cueto, J 		20	9	243.2	2.25	69	61	22	0.96	.690	1.13	.261	.313	.574	8.94	2.40	6.24	3.72	15.02
Wainwright, A 		20	9	227.0	2.38	64	60	10	1.03	.690	1.17	.271	.310	.580	7.10	1.98	7.30	3.58	14.35
Bumgarner, M 		18	10	217.1	2.98	81	72	21	1.09	.643	1.06	.281	.372	.653	9.07	1.78	8.03	5.09	15.52
Kluber, C 		18	9	235.2	2.44	72	64	14	1.09	.667	1.28	.279	.345	.624	10.27	1.95	7.91	5.27	14.85
Scherzer, M 		18	5	220.1	3.15	80	77	18	1.18	.783	0.71	.294	.368	.663	10.29	2.57	8.01	4.00	16.51
Weaver, J 		18	9	213.1	3.59	87	85	27	1.21	.667	0.56	.299	.385	.684	7.13	2.74	8.14	2.60	15.71
Greinke, Z 		17	8	202.1	2.71	69	61	19	1.15	.680	1.40	.287	.373	.660	9.21	1.91	8.45	4.81	15.86
Peralta, W 		17	11	198.2	3.53	88	78	23	1.30	.607	1.60	.321	.393	.714	6.98	2.76	8.97	2.52	16.07
Chen, W 		16	6	185.2	3.54	77	73	23	1.23	.727	0.89	.301	.426	.727	6.59	1.70	9.36	3.89	16.03
Fister, D 		16	6	164.0	2.41	52	44	18	1.08	.727	1.26	.280	.374	.654	5.38	1.32	8.40	4.08	15.05
Hughes, P 		16	10	209.2	3.52	88	82	16	1.13	.615	0.64	.284	.390	.674	7.98	0.69	9.49	11.63	14.53
Lester, J 		16	11	219.2	2.46	76	60	16	1.10	.593	0.89	.281	.354	.635	9.01	1.97	7.95	4.58	15.90
Shoemaker, M 		16	4	136.0	3.04	49	46	14	1.07	.800	0.86	.278	.381	.658	8.21	1.59	8.07	5.17	15.45
Colon, B 		15	13	202.1	4.09	97	92	22	1.23	.536	0.80	.302	.414	.716	6.72	1.33	9.70	5.03	14.88
Hernandez, F 		15	6	236.0	2.14	68	56	16	0.92	.714	1.64	.243	.303	.546	9.46	1.75	6.48	5.39	14.55
Iwakuma, H 		15	9	179.0	3.52	70	70	20	1.05	.625	1.28	.268	.374	.642	7.74	1.06	8.40	7.33	14.20
Kazmir, S 		15	9	190.1	3.55	81	75	16	1.16	.625	0.96	.291	.357	.648	7.75	2.36	8.09	3.28	15.67
Lynn, L 		15	10	203.2	2.74	72	62	13	1.26	.600	1.00	.307	.355	.662	8.00	3.18	8.18	2.51	16.94
Norris, B 		15	8	165.1	3.65	68	67	20	1.22	.652	0.89	.313	.396	.710	7.57	2.83	8.11	2.67	16.61
Porcello, R 		15	13	204.2	3.43	89	78	18	1.23	.536	1.31	.306	.406	.712	5.67	1.80	9.28	3.15	14.93
Price, D 		15	12	248.1	3.26	100	90	25	1.08	.556	0.83	.272	.375	.647	9.82	1.38	8.34	7.13	15.02
Roark, T 		15	10	198.2	2.85	64	63	16	1.09	.600	0.89	.281	.351	.632	6.25	1.77	8.06	3.54	15.10
Simon, A 		15	10	196.1	3.44	80	75	22	1.21	.600	1.36	.307	.383	.690	5.82	2.57	8.30	2.27	15.35
Verlander, J 		15	12	206.0	4.54	114	104	18	1.40	.556	0.73	.330	.426	.756	6.95	2.84	9.74	2.45	16.55
De La Rosa, J 		14	11	184.1	4.10	90	84	21	1.24	.560	1.47	.313	.394	.707	6.79	3.27	7.86	2.07	16.64
Dickey, R 		14	13	215.2	3.71	101	89	26	1.23	.519	1.03	.306	.399	.705	7.22	3.09	7.97	2.34	16.29
Gray, S 		14	10	219.0	3.08	84	75	15	1.19	.583	1.85	.301	.327	.627	7.52	3.04	7.68	2.47	15.05
Lackey, J 		14	10	198.0	3.82	94	84	24	1.28	.583	1.10	.307	.424	.731	7.45	2.14	9.36	3.49	15.55
Ryu, H 		14	7	152.0	3.38	60	57	8	1.19	.667	1.32	.294	.364	.658	8.23	1.72	9.00	4.79	16.07
Santana, E 		14	10	196.0	3.95	90	86	16	1.31	.583	1.04	.323	.401	.724	8.22	2.89	8.86	2.84	15.24
Shields, J 		14	8	227.0	3.21	95	81	23	1.18	.636	1.04	.298	.404	.702	7.14	1.74	8.88	4.09	16.00
Strasburg, S 		14	11	215.0	3.14	86	75	23	1.12	.560	1.25	.286	.385	.672	10.13	1.80	8.29	5.63	15.33
Teheran, J 		14	13	221.0	2.89	82	71	22	1.08	.519	0.65	.279	.360	.639	7.57	2.08	7.66	3.65	14.80
Ventura, Y 		14	10	183.0	3.20	70	65	14	1.30	.583	1.14	.311	.358	.669	7.82	3.39	8.26	2.30	16.31
Zimmermann, J 		14	5	199.2	2.66	67	59	13	1.07	.737	0.91	.277	.354	.631	8.20	1.31	8.34	6.28	14.64
Buehrle, M 		13	10	202.0	3.39	83	76	15	1.36	.565	0.99	.327	.416	.743	5.30	2.05	10.16	2.59	15.26
Cosart, J 		13	11	180.1	3.69	80	74	9	1.36	.542	1.56	.326	.345	.671	5.74	3.64	8.63	1.58	16.34
Gibson, K 		13	12	179.1	4.47	91	89	12	1.31	.520	1.85	.315	.365	.679	5.37	2.86	8.93	1.88	15.61
Guthrie, J 		13	11	202.2	4.13	100	93	23	1.30	.542	0.92	.323	.406	.728	5.51	2.18	9.55	2.53	15.96
Haren, D 		13	11	186.0	4.02	101	83	27	1.18	.542	1.02	.289	.429	.718	7.02	1.74	8.85	4.03	16.65
Kennedy, I 		13	13	201.0	3.63	85	81	16	1.29	.500	0.86	.314	.384	.698	9.27	3.13	8.46	2.96	16.93
Lohse, K 		13	9	198.1	3.54	87	78	22	1.15	.591	0.86	.292	.389	.682	6.40	2.04	8.30	3.13	15.14
Richards, G 		13	4	168.2	2.61	51	49	5	1.04	.765	1.37	.268	.261	.529	8.75	2.72	6.62	3.22	15.58
Ross, T 		13	14	195.2	2.81	75	61	13	1.21	.481	2.01	.307	.327	.634	8.97	3.31	7.59	2.71	15.94
Tanaka, M 		13	5	136.1	2.77	47	42	15	1.06	.722	1.24	.274	.383	.657	9.31	1.39	8.12	6.71	14.74
Tillman, C 		13	6	207.1	3.34	83	77	21	1.23	.684	0.79	.298	.373	.671	6.51	2.86	8.20	2.27	16.45
Volquez, E 		13	7	192.2	3.04	75	65	17	1.23	.650	1.44	.315	.359	.674	6.54	3.32	7.75	1.97	15.45
Wilson, C 		13	10	175.2	4.51	95	88	17	1.45	.565	1.25	.350	.374	.724	7.74	4.35	8.66	1.78	17.69
Alvarez, H 		12	7	187.0	2.65	65	55	14	1.24	.632	1.60	.312	.385	.697	5.34	1.59	9.53	3.36	13.96
Harang, A 		12	12	204.1	3.57	88	81	15	1.40	.500	0.79	.332	.391	.723	7.09	3.13	9.47	2.27	16.61
Keuchel, D 		12	9	200.0	2.93	71	65	11	1.18	.571	2.83	.302	.353	.655	6.57	2.16	8.42	3.04	15.10
Lincecum, T 		12	9	155.2	4.74	86	82	19	1.39	.571	1.44	.332	.441	.772	7.75	3.64	8.90	2.13	17.12
Sale, C 		12	4	174.0	2.17	48	42	13	0.97	.750	0.77	.262	.305	.567	10.76	2.02	6.67	5.33	15.82
Young, C 		12	9	165.0	3.65	70	67	26	1.23	.571	0.36	.301	.431	.733	5.89	3.27	7.80	1.80	16.47
Cole, G 		11	5	138.0	3.65	58	56	11	1.21	.688	1.42	.314	.379	.693	9.00	2.61	8.28	3.45	15.92
Collmenter, J 		11	9	179.1	3.46	75	69	18	1.13	.550	0.87	.290	.386	.676	5.77	1.96	8.18	2.95	15.16
Danks, J 		11	11	193.2	4.74	106	102	25	1.44	.500	0.93	.338	.447	.785	5.99	3.44	9.53	1.74	17.03
Happ, J 		11	11	158.0	4.22	79	74	22	1.34	.500	0.88	.317	.453	.770	7.58	2.91	9.11	2.61	17.15
Hutchison, D 		11	13	184.2	4.48	92	92	23	1.26	.458	0.67	.307	.416	.723	8.97	2.92	8.43	3.07	16.52
Kuroda, H 		11	9	199.0	3.71	91	82	20	1.14	.550	1.19	.286	.382	.668	6.60	1.58	8.64	4.17	15.56
Leake, M 		11	13	214.1	3.70	93	88	23	1.25	.458	1.53	.313	.417	.730	6.89	2.10	9.11	3.28	15.00
McHugh, C 		11	9	154.2	2.73	53	47	13	1.02	.550	0.97	.268	.320	.588	9.14	2.39	6.81	3.83	16.07
Odorizzi, J 		11	13	168.0	4.13	79	77	20	1.28	.458	0.43	.307	.385	.692	9.32	3.16	8.36	2.95	18.02
Stroman, M 		11	6	130.2	3.65	56	53	7	1.17	.647	1.54	.292	.341	.633	7.65	1.93	8.61	3.96	15.93
Vargas, J 		11	10	187.0	3.71	82	77	19	1.27	.524	0.83	.310	.403	.713	6.16	1.97	9.48	3.12	16.06
Wheeler, Z 		11	11	185.1	3.54	84	73	14	1.33	.500	1.61	.326	.352	.678	9.08	3.84	8.11	2.37	17.85
Wood, A 		11	11	171.2	2.78	58	53	16	1.14	.500	0.96	.294	.357	.651	8.91	2.36	7.92	3.78	15.63
Archer, C 		10	9	194.2	3.33	85	72	12	1.28	.526	1.01	.314	.336	.650	8.00	3.33	8.18	2.40	16.23
Arrieta, J 		10	5	156.2	2.53	46	44	5	0.99	.667	1.29	.259	.276	.535	9.59	2.36	6.55	4.07	15.42
Cobb, A 		10	9	166.1	2.87	56	53	11	1.14	.526	1.49	.294	.325	.619	8.06	2.54	7.68	3.17	15.70
Darvish, Y 		10	7	144.1	3.06	54	49	13	1.26	.588	0.68	.305	.374	.679	11.35	3.06	8.29	3.71	16.02
Dunn, M 		10	6	57.0	3.16	25	20	4	1.21	.625	0.67	.303	.332	.635	10.58	3.47	7.42	3.05	17.33
Elias, R 		10	12	163.2	3.85	77	70	16	1.31	.455	1.08	.328	.385	.713	7.86	3.52	8.30	2.23	16.26
Gonzalez, G 		10	10	158.2	3.57	66	63	10	1.20	.500	1.08	.299	.348	.647	9.19	3.18	7.60	2.89	16.53
Gonzalez, M 		10	9	159.0	3.23	61	57	25	1.30	.526	0.66	.319	.432	.751	6.28	2.89	8.77	2.18	16.05
Hammel, J 		10	11	176.1	3.47	70	68	23	1.12	.476	0.90	.289	.390	.680	8.06	2.25	7.86	3.59	15.86
Kendrick, K 		10	13	199.0	4.61	108	102	25	1.36	.435	1.16	.333	.436	.769	5.47	2.58	9.68	2.12	15.59
Koehler, T 		10	10	191.1	3.81	84	81	16	1.30	.500	0.88	.320	.371	.691	7.20	3.34	8.33	2.15	15.37
Lewis, C 		10	14	170.1	5.18	107	98	25	1.52	.417	0.59	.352	.488	.840	7.03	2.54	11.15	2.77	16.45
McCarthy, B 		10	15	200.0	4.05	100	90	25	1.28	.400	1.78	.310	.436	.746	7.88	1.49	9.99	5.30	15.22
Miller, S 		10	9	183.0	3.74	78	76	22	1.27	.526	0.80	.310	.388	.698	6.25	3.59	7.87	1.74	15.62
Watson, T 		10	2	77.1	1.63	16	14	5	1.02	.833	1.28	.283	.330	.613	9.43	1.75	7.45	5.40	15.50
Anderson, C 		9	7	114.1	4.01	56	51	16	1.37	.563	0.88	.330	.450	.779	8.27	3.15	9.21	2.63	16.55
Bailey, H 		9	5	145.2	3.71	60	60	16	1.23	.643	1.41	.311	.392	.703	7.66	2.78	8.28	2.76	15.64
Davis, W 		9	2	72.0	1.00	8	8	0	0.85	.818	1.04	.229	.179	.408	13.63	2.88	4.75	4.74	16.81
deGrom, J 		9	6	140.1	2.69	44	42	7	1.14	.600	1.10	.288	.326	.613	9.24	2.76	7.50	3.35	15.93
Duffy, D 		9	12	149.1	2.53	52	42	12	1.11	.429	0.59	.284	.322	.605	6.81	3.19	6.81	2.13	16.27
Hamels, C 		9	9	204.2	2.46	60	56	14	1.15	.500	1.22	.296	.345	.641	8.71	2.59	7.74	3.36	15.32
Hudson, T 		9	13	189.1	3.57	86	75	15	1.23	.409	1.66	.306	.407	.713	5.70	1.62	9.46	3.53	14.70
Niese, J 		9	11	187.2	3.40	80	71	17	1.27	.450	1.18	.316	.406	.722	6.62	2.16	9.26	3.07	14.88
Quintana, J 		9	11	200.1	3.32	87	74	10	1.24	.450	1.05	.304	.358	.662	8.00	2.34	8.85	3.42	16.70
Smyly, D 		9	10	153.0	3.24	57	55	18	1.16	.474	0.65	.290	.398	.688	7.82	2.47	8.00	3.17	16.94
Buchholz, C 		8	11	170.1	5.34	108	101	17	1.39	.421	1.09	.335	.416	.751	6.97	2.85	9.62	2.44	16.09
Burnett, A 		8	18	213.2	4.59	122	109	20	1.41	.308	1.55	.343	.404	.748	8.00	4.04	8.63	1.98	16.25
Carrasco, C 		8	7	134.0	2.55	40	38	7	0.99	.533	1.27	.256	.287	.543	9.40	1.95	6.92	4.83	14.60
Chavez, J 		8	8	146.0	3.45	64	56	17	1.31	.500	1.04	.316	.375	.692	8.38	3.02	8.75	2.78	16.44
Feldman, S 		8	12	180.1	3.74	86	75	16	1.30	.400	1.20	.322	.403	.725	5.34	2.50	9.23	2.14	16.44
Gallardo, Y 		8	11	192.1	3.51	86	75	21	1.29	.421	1.39	.313	.385	.698	6.83	2.53	9.12	2.70	16.72
Garza, M 		8	8	163.1	3.64	77	66	12	1.18	.500	1.06	.294	.351	.644	6.94	2.76	7.88	2.52	15.54
Hernandez, R 		8	11	164.2	4.10	84	75	19	1.39	.421	1.31	.334	.408	.742	5.74	3.99	8.53	1.44	16.62
Leone, D 		8	2	66.1	2.17	18	16	4	1.16	.800	1.90	.295	.329	.624	9.50	3.39	7.06	2.80	16.28
Miley, W 		8	12	201.1	4.34	103	97	23	1.40	.400	1.42	.333	.413	.746	8.18	3.35	9.25	2.44	15.98
Morris, B 		8	1	64.1	1.82	17	13	6	1.27	.889	2.09	.325	.359	.684	6.99	3.36	8.11	2.08	14.60
Noesi, H 		8	12	172.1	4.75	98	91	28	1.37	.400	0.76	.326	.447	.774	6.42	2.92	9.40	2.20	15.97
Otero, D 		8	2	86.2	2.28	24	22	4	1.10	.800	2.18	.282	.327	.609	4.67	1.56	8.31	3.00	14.03
Sanchez, A 		8	5	126.0	3.43	55	48	4	1.10	.615	1.08	.276	.323	.599	7.29	2.14	7.71	3.40	16.64
Stults, E 		8	17	176.0	4.30	93	84	26	1.38	.320	1.03	.328	.450	.778	5.68	2.30	10.07	2.47	16.10
Torres, C 		8	6	97.0	3.06	35	33	11	1.31	.571	1.07	.320	.395	.715	8.91	3.53	8.26	2.53	16.25
Vogelsong, R 		8	13	184.2	4.00	86	82	18	1.28	.381	0.92	.318	.411	.730	7.36	2.83	8.68	2.60	16.56
Wood, T 		8	13	173.2	5.03	110	97	20	1.53	.381	0.62	.353	.429	.782	7.57	3.94	9.85	1.92	17.53
Worley, V 		8	4	110.2	2.85	43	35	9	1.21	.667	1.30	.303	.376	.679	6.42	1.79	9.11	3.59	14.26
Arroyo, B 		7	4	86.0	4.08	40	39	10	1.29	.636	1.72	.322	.421	.743	4.92	1.99	9.63	2.47	14.57
Brach, B 		7	1	62.1	3.18	24	22	6	1.17	.875	0.80	.294	.347	.640	7.80	3.61	6.93	2.16	16.76
Clippard, T 		7	4	70.1	2.18	22	17	5	1.00	.636	0.62	.257	.284	.541	10.49	2.94	6.01	3.57	16.32
Correia, K 		7	17	154.0	5.44	104	93	20	1.50	.292	1.01	.345	.473	.818	4.62	2.34	11.16	1.98	16.38
Estrada, M 		7	6	150.2	4.36	77	73	29	1.20	.538	0.61	.297	.455	.752	7.59	2.63	8.18	2.89	16.82
Gausman, K 		7	7	113.1	3.57	48	45	7	1.31	.500	0.90	.317	.368	.685	6.99	3.02	8.81	2.32	17.21
Gee, D 		7	8	137.1	4.00	61	61	18	1.25	.467	0.95	.313	.402	.715	6.16	2.82	8.39	2.19	15.44
Hahn, J 		7	4	73.1	3.07	26	25	4	1.21	.636	1.47	.307	.316	.623	8.59	3.93	7.00	2.19	16.09
Hendricks, K 		7	2	80.1	2.46	24	22	4	1.08	.778	1.23	.287	.323	.610	5.27	1.68	8.07	3.13	14.39
Hughes, J 		7	5	64.1	1.96	21	14	4	1.09	.583	2.69	.304	.305	.609	5.04	2.66	7.13	1.89	13.74
Liriano, F 		7	10	162.1	3.38	68	61	13	1.30	.412	1.89	.314	.331	.645	9.70	4.49	7.21	2.16	16.72
Locke, J 		7	6	131.1	3.91	63	57	16	1.27	.538	1.50	.315	.406	.722	6.10	2.74	8.70	2.23	14.94
Lyles, J 		7	4	126.2	4.33	64	61	12	1.37	.636	1.57	.334	.416	.750	6.39	3.27	9.02	1.96	16.58
Machi, J 		7	1	66.1	2.58	19	19	5	0.95	.875	1.63	.262	.339	.602	6.92	2.44	6.11	2.83	13.97
Masterson, J 		7	9	128.2	5.88	90	84	12	1.63	.438	2.39	.385	.441	.826	8.11	4.83	9.86	1.68	17.48
Neshek, P 		7	2	67.1	1.87	14	14	4	0.79	.778	0.59	.217	.263	.480	9.09	1.20	5.88	7.56	14.63
Peavy, J 		7	13	202.2	3.73	91	84	23	1.28	.350	0.81	.318	.424	.742	7.02	2.80	8.70	2.51	15.91
Ramos, A 		7	0	64.0	2.11	16	15	1	1.23	1.000	0.85	.307	.236	.543	10.27	6.05	5.06	1.70	17.14
Samardzija, J 		7	13	219.2	2.99	86	73	20	1.07	.350	1.37	.279	.367	.646	8.28	1.76	7.83	4.70	15.20
Smith, J 		7	2	74.2	1.81	16	15	4	0.80	.778	1.80	.234	.257	.491	8.20	1.81	5.42	4.53	14.80
Allen, C 		6	4	69.2	2.07	21	16	7	1.06	.600	0.71	.271	.331	.601	11.76	3.36	6.20	3.50	16.35
Atchison, S 		6	0	72.0	2.75	24	22	4	1.03	1.000	2.08	.265	.341	.606	6.13	1.75	7.50	3.50	14.40
Beckett, J 		6	6	115.2	2.88	41	37	17	1.17	.500	1.03	.297	.408	.705	8.33	3.03	7.47	2.74	16.50
Buchanan, D 		6	8	117.2	3.75	55	49	12	1.29	.429	1.41	.322	.399	.721	5.43	2.45	9.18	2.22	15.44
Carpenter, D 		6	4	61.0	3.54	27	24	5	1.26	.600	0.75	.310	.353	.663	9.89	2.36	9.00	4.19	16.38
Crow, A 		6	1	59.0	4.12	32	27	10	1.29	.857	0.89	.314	.429	.743	5.19	3.66	7.93	1.42	15.83
Eovaldi, N 		6	14	199.2	4.37	107	97	14	1.33	.300	1.04	.323	.409	.732	6.40	1.94	10.05	3.30	16.02
Fiers, M 		6	5	71.2	2.13	19	17	7	0.88	.545	0.59	.232	.299	.531	9.54	2.13	5.78	4.47	15.66
Jackson, E 		6	15	140.2	6.33	105	99	18	1.64	.286	1.11	.373	.496	.869	7.87	4.03	10.75	1.95	17.72
Jimenez, U 		6	9	125.1	4.81	68	67	14	1.52	.400	0.96	.353	.385	.737	8.33	5.53	8.11	1.51	18.40
Kelly, J 		6	4	96.1	4.20	48	45	8	1.35	.600	1.72	.332	.361	.693	6.17	3.92	8.22	1.57	16.40
Maness, S 		6	4	80.1	2.91	29	26	7	1.10	.600	1.92	.288	.380	.668	6.16	1.23	8.63	5.00	13.62
Matzek, T 		6	11	117.2	4.05	53	53	9	1.39	.353	1.27	.335	.414	.749	6.96	3.37	9.18	2.07	14.99
Mejia, J 		6	6	93.2	3.65	41	38	9	1.48	.500	1.38	.345	.378	.723	9.42	3.94	9.42	2.39	16.55
Milone, T 		6	4	118.0	4.19	63	55	16	1.40	.600	0.79	.328	.435	.763	5.72	2.82	9.76	2.03	16.31
Minor, M 		6	12	145.1	4.77	77	77	21	1.44	.333	0.97	.341	.458	.798	7.43	2.72	10.22	2.73	16.68
Morales, F 		6	9	142.1	5.37	90	85	24	1.62	.400	0.99	.371	.488	.859	6.32	4.11	10.50	1.54	17.07
Morton, C 		6	12	157.1	3.72	76	65	9	1.27	.333	1.87	.332	.349	.682	7.21	3.26	8.18	2.21	15.92
Nicasio, J 		6	6	93.2	5.38	59	56	19	1.47	.500	1.27	.344	.516	.860	6.05	2.98	10.28	2.03	17.24
Nolasco, R 		6	12	159.0	5.38	96	95	22	1.52	.333	0.94	.356	.505	.861	6.51	2.15	11.49	3.03	16.61
Paxton, J 		6	4	74.0	3.04	29	25	3	1.20	.600	1.61	.300	.312	.612	7.18	3.53	7.30	2.03	15.97
Romo, S 		6	4	58.0	3.72	24	24	9	0.95	.600	0.72	.259	.363	.622	9.16	1.86	6.67	4.92	14.93
Salazar, D 		6	8	110.0	4.25	57	52	13	1.38	.429	0.67	.328	.423	.751	9.82	2.86	9.57	3.43	16.99
Santiago, H 		6	9	127.1	3.75	63	53	15	1.36	.400	0.44	.324	.374	.698	7.63	3.75	8.48	2.04	17.85
Stauffer, T 		6	2	64.1	3.50	25	25	4	1.40	.750	1.04	.339	.388	.727	9.37	3.22	9.37	2.91	17.02
Tomlin, J 		6	9	104.0	4.76	66	55	18	1.29	.400	0.90	.303	.478	.781	8.13	1.21	10.38	6.71	16.49
Turner, J 		6	11	113.0	6.13	81	77	12	1.60	.353	1.34	.368	.477	.845	5.65	2.63	11.79	2.15	16.10
Uehara, K 		6	5	64.1	2.52	18	18	10	0.92	.545	0.65	.244	.386	.629	11.19	1.12	7.13	10.00	14.77
Webb, D 		6	5	67.2	3.99	31	30	6	1.49	.545	1.41	.349	.387	.736	7.71	5.59	7.85	1.38	17.39
Williams, J 		6	7	115.0	4.77	64	61	12	1.40	.462	1.18	.338	.418	.756	6.42	2.82	9.78	2.28	15.93
Bastardo, A 		5	7	64.0	3.94	31	28	4	1.20	.417	0.48	.295	.319	.614	11.39	4.78	6.05	2.38	17.80
Bauer, T 		5	8	153.0	4.18	76	71	16	1.38	.385	0.72	.335	.401	.737	8.41	3.53	8.88	2.38	16.93
Betances, D 		5	0	90.0	1.40	15	14	4	0.78	1.000	1.06	.218	.224	.442	13.50	2.40	4.60	5.63	15.17
Boxberger, B 		5	2	64.2	2.37	17	17	9	0.84	.714	0.81	.237	.301	.538	14.47	2.78	4.73	5.20	16.33
Carroll, S 		5	10	129.1	4.80	81	69	13	1.48	.333	1.77	.358	.440	.798	4.45	3.13	10.23	1.42	16.35
Cashner, A 		5	7	123.1	2.55	42	35	7	1.13	.417	1.19	.279	.344	.623	6.79	2.12	8.03	3.21	14.57
Coke, P 		5	2	58.0	3.88	28	25	5	1.53	.714	1.76	.357	.433	.790	6.36	3.10	10.71	2.05	16.22
Diekman, J 		5	5	71.0	3.80	36	30	4	1.42	.500	0.95	.334	.357	.692	12.68	4.44	8.37	2.86	18.54
Duke, Z 		5	1	58.2	2.45	19	16	3	1.13	.833	2.34	.278	.300	.578	11.35	2.61	7.52	4.35	16.69
Fien, C 		5	6	63.1	3.98	29	28	7	1.17	.455	0.61	.287	.418	.705	7.25	1.42	9.09	5.10	15.58
Greene, S 		5	4	78.2	3.78	38	33	8	1.40	.556	1.31	.336	.379	.715	9.27	3.32	9.27	2.79	17.20
Gregerson, L 		5	5	72.1	2.12	20	17	6	1.01	.500	1.75	.263	.341	.604	7.34	1.87	7.22	3.93	13.91
Grimm, J 		5	2	69.0	3.78	32	29	4	1.25	.714	1.13	.309	.323	.632	9.13	3.52	7.70	2.59	16.43
House, T 		5	3	102.0	3.35	41	38	10	1.32	.625	2.45	.332	.417	.749	7.06	1.94	9.97	3.64	15.45
Johnson, J 		5	2	53.1	7.09	46	42	5	1.95	.714	2.26	.423	.438	.861	7.09	5.91	11.64	1.20	18.41
Latos, M 		5	5	102.1	3.25	42	37	9	1.15	.500	0.74	.291	.360	.652	6.51	2.29	8.09	2.85	14.98
Martinez, N 		5	12	140.1	4.55	79	71	18	1.46	.294	0.55	.342	.453	.795	4.94	3.53	9.62	1.40	17.14
McGee, J 		5	2	71.1	1.89	15	15	2	0.90	.714	0.66	.242	.244	.486	11.36	2.02	6.06	5.63	16.14
McGowan, D 		5	3	82.0	4.17	41	38	13	1.38	.625	0.67	.328	.440	.768	6.70	3.62	8.78	1.85	17.11
Medina, Y 		5	3	57.0	2.68	18	17	3	1.33	.625	1.65	.328	.314	.642	9.47	4.42	7.58	2.14	15.95
Miller, A 		5	5	62.1	2.02	16	14	3	0.80	.500	1.21	.229	.227	.456	14.87	2.45	4.76	6.06	15.91
Nathan, J 		5	4	58.0	4.81	32	31	5	1.53	.556	0.95	.349	.372	.721	8.38	4.50	9.31	1.86	18.31
O'Day, D 		5	2	68.2	1.70	14	13	6	0.89	.714	0.98	.256	.295	.550	9.57	2.49	5.50	3.84	15.54
Oberholtzer, B 		5	13	143.2	4.39	73	70	12	1.38	.278	0.66	.325	.426	.752	5.89	1.75	10.65	3.36	15.67
Petit, Y 		5	5	117.0	3.69	51	48	12	1.02	.500	0.64	.260	.375	.635	10.23	1.69	7.46	6.05	14.34
Phelps, D 		5	5	113.0	4.38	62	55	13	1.42	.500	0.91	.341	.412	.753	7.33	3.66	9.16	2.00	17.04
Pineda, M 		5	5	76.1	1.89	18	16	5	0.83	.500	0.81	.219	.307	.526	6.96	0.83	6.60	8.43	14.93
Pomeranz, D 		5	4	69.0	2.35	22	18	7	1.12	.556	1.09	.282	.304	.586	8.35	3.39	6.65	2.46	16.49
Putnam, Z 		5	3	54.2	1.98	14	12	2	1.08	.625	1.33	.283	.268	.551	7.57	3.29	6.42	2.30	15.77
Rodriguez, F 		5	5	68.0	3.04	23	23	14	0.99	.500	1.31	.256	.393	.648	9.66	2.38	6.49	4.06	15.37
Salas, F 		5	0	58.2	3.38	22	22	5	1.09	1.000	0.53	.277	.361	.637	9.36	2.15	7.67	4.36	16.07
Shaw, B 		5	5	76.1	2.59	26	22	6	1.09	.500	1.08	.276	.326	.602	7.55	2.59	7.19	2.91	16.34
Skaggs, T 		5	5	113.0	4.30	59	54	9	1.21	.500	1.19	.305	.369	.674	6.85	2.39	8.52	2.87	15.07
Tepesch, N 		5	11	126.0	4.36	66	61	15	1.37	.313	0.92	.335	.438	.774	4.00	3.14	9.14	1.27	16.10
Villanueva, C 		5	7	77.2	4.64	42	40	6	1.39	.417	0.90	.326	.427	.754	8.34	2.20	10.31	3.79	16.80
Wacha, M 		5	6	107.0	3.20	41	38	6	1.20	.455	0.86	.298	.337	.636	7.91	2.78	7.99	2.85	15.83
Webster, A 		5	3	59.0	5.03	35	33	3	1.46	.625	1.10	.359	.377	.736	5.49	4.27	8.85	1.29	16.20
Wright, J 		5	4	70.1	4.35	35	34	3	1.41	.556	1.90	.341	.342	.683	6.91	3.45	9.21	2.00	15.58
Ziegler, B 		5	3	67.0	3.49	29	26	5	1.25	.625	2.86	.313	.368	.681	7.25	3.22	8.06	2.25	14.63
Affeldt, J 		4	2	55.1	2.28	14	14	1	1.10	.667	2.72	.290	.302	.593	6.67	2.28	7.64	2.93	15.14
Avilan, L 		4	1	43.1	4.57	22	22	2	1.57	.800	2.34	.374	.390	.764	5.19	4.36	9.76	1.19	16.43
Bedard, E 		4	6	75.2	4.76	46	40	10	1.49	.400	0.57	.337	.441	.778	7.61	3.45	9.99	2.21	18.46
Belisario, R 		4	8	66.1	5.56	46	41	4	1.45	.333	2.00	.349	.379	.728	6.38	2.44	10.58	2.61	16.34
Belisle, M 		4	7	64.2	4.87	35	35	5	1.44	.364	1.20	.338	.419	.757	5.98	2.64	10.30	2.26	16.27
Benoit, J 		4	2	54.1	1.49	10	9	3	0.77	.667	0.63	.212	.247	.459	10.60	2.32	4.64	4.57	14.91
Brothers, R 		4	6	56.1	5.59	38	35	7	1.85	.400	0.91	.391	.434	.825	8.79	6.23	10.38	1.41	19.49
Broxton, J 		4	3	58.2	2.30	15	15	4	1.02	.571	0.83	.266	.303	.569	7.52	2.91	6.29	2.58	15.41
Cishek, S 		4	5	65.1	3.17	26	23	3	1.21	.444	1.13	.296	.347	.643	11.57	2.89	7.99	4.00	17.48
Crockett, K 		4	1	30.0	1.80	6	6	2	1.13	.800	1.48	.308	.349	.657	8.40	2.40	7.80	3.50	16.47
De La Rosa, R 		4	8	101.2	4.43	51	50	12	1.49	.333	1.23	.349	.465	.814	6.55	3.10	10.27	2.11	17.22
Delgado, R 		4	4	77.2	4.87	44	42	6	1.36	.500	0.62	.323	.377	.701	9.97	4.06	8.23	2.46	18.79
Despaigne, O 		4	7	96.1	3.36	44	36	6	1.21	.364	1.38	.308	.330	.638	6.07	2.99	7.94	2.03	16.08
Doubront, F 		4	5	79.2	5.54	54	49	12	1.56	.444	0.87	.349	.472	.821	5.76	3.73	10.28	1.55	17.07
Erlin, R 		4	5	61.1	4.99	34	34	6	1.40	.444	0.93	.332	.455	.787	6.75	2.20	10.42	3.07	16.42
Fernandez, J 		4	2	51.2	2.44	19	14	4	0.95	.667	1.21	.239	.297	.536	12.19	2.26	6.27	5.38	15.23
Fields, J 		4	6	54.2	4.45	29	27	2	1.23	.400	0.53	.299	.338	.637	11.52	2.80	8.23	4.12	17.38
Frasor, J 		4	1	47.1	2.66	17	14	3	1.23	.800	1.20	.306	.345	.651	8.75	3.42	7.61	2.56	17.58
Gonzales, M 		4	2	34.2	4.15	16	16	4	1.53	.667	0.82	.346	.391	.737	8.05	5.45	8.31	1.48	17.97
Hale, D 		4	5	87.1	3.30	38	32	5	1.47	.444	1.77	.343	.371	.714	4.53	4.02	9.17	1.13	16.16
Hawkins, L 		4	3	54.1	3.31	23	20	3	1.20	.571	1.02	.288	.365	.653	5.30	2.15	8.61	2.46	15.24
Herrera, K 		4	3	70.0	1.41	12	11	0	1.14	.571	1.31	.295	.266	.561	7.59	3.34	6.94	2.27	16.07
Huff, D 		4	1	59.0	3.36	25	22	5	1.42	.800	1.00	.332	.353	.685	5.95	3.51	9.31	1.70	16.49
Kontos, G 		4	0	32.1	2.78	10	10	1	1.08	1.000	0.70	.280	.307	.587	7.52	3.06	6.68	2.45	14.51
Lee, C 		4	5	81.1	3.65	40	33	7	1.38	.444	1.29	.328	.435	.762	7.97	1.33	11.07	6.00	15.65
Loup, A 		4	4	68.2	3.15	25	24	4	1.17	.500	1.76	.307	.340	.647	7.34	3.93	6.55	1.87	15.79
Marshall, E 		4	4	49.1	2.74	17	15	3	1.36	.500	2.48	.332	.378	.709	9.85	3.10	9.12	3.18	16.68
McAllister, Z 		4	7	86.0	5.23	54	50	7	1.44	.364	0.81	.330	.420	.750	7.74	2.93	10.05	2.64	17.00
McFarland, T 		4	2	58.2	2.76	22	18	2	1.41	.667	2.53	.348	.391	.739	5.22	1.99	10.74	2.62	14.74
Morin, M 		4	4	59.0	2.90	22	19	3	1.19	.500	1.09	.299	.330	.629	8.24	2.90	7.78	2.84	15.56
Outman, J 		4	0	28.1	2.86	10	9	4	1.41	1.000	1.55	.331	.429	.759	8.26	5.08	7.62	1.63	18.00
Peacock, B 		4	9	131.2	4.72	80	69	20	1.56	.308	0.70	.357	.444	.801	8.13	4.78	9.30	1.70	18.02
Perez, M 		4	3	51.1	4.38	25	25	3	1.34	.571	1.83	.340	.403	.743	6.14	3.33	8.77	1.84	15.14
Perkins, G 		4	3	61.2	3.65	29	25	7	1.18	.571	0.63	.291	.429	.720	9.63	1.61	9.05	6.00	15.34
Ranaudo, A 		4	3	39.1	4.81	21	21	10	1.40	.571	0.59	.324	.513	.837	3.43	3.66	8.92	0.94	16.14
Rienzo, A 		4	5	64.2	6.82	54	49	12	1.78	.444	1.17	.387	.511	.898	7.10	4.59	11.41	1.55	19.58
Robertson, D 		4	5	64.1	3.08	23	22	7	1.06	.444	1.00	.267	.321	.588	13.43	3.22	6.30	4.17	16.91
Rondon, H 		4	4	63.1	2.42	21	17	2	1.06	.500	1.45	.263	.264	.526	8.95	2.13	7.39	4.20	15.77
Sipp, T 		4	3	50.2	3.38	19	19	5	0.89	.571	0.56	.231	.287	.517	11.19	3.02	4.97	3.71	16.14
Soriano, R 		4	1	62.0	3.19	23	22	4	1.13	.800	0.51	.286	.354	.639	8.56	2.76	7.40	3.11	16.26
Stammen, C 		4	5	72.2	3.84	34	31	5	1.27	.444	1.22	.316	.392	.708	6.94	1.73	9.66	4.00	15.62
Tazawa, J 		4	3	63.0	2.86	23	20	5	1.19	.571	0.85	.288	.372	.660	9.14	2.43	8.29	3.76	15.68
Thayer, D 		4	5	65.1	2.34	19	17	9	1.06	.444	0.74	.269	.358	.627	8.54	2.20	7.30	3.88	16.15
Veras, J 		4	1	46.0	4.50	25	23	6	1.39	.800	1.15	.333	.371	.704	9.78	5.28	7.24	1.85	18.41
Wada, T 		4	4	69.1	3.25	28	25	7	1.24	.500	0.74	.310	.420	.731	7.40	2.47	8.70	3.00	16.53
Whitley, C 		4	3	75.2	5.23	44	44	10	1.48	.571	1.05	.353	.479	.831	7.14	2.14	11.18	3.33	16.72
Alburquerque, A 		3	1	57.1	2.51	16	16	7	1.17	.750	0.94	.297	.343	.639	9.89	3.30	7.22	3.00	16.74
Baker, S 		3	4	80.2	5.47	49	49	15	1.19	.429	0.49	.295	.495	.790	6.14	1.56	9.15	3.93	14.79
Barrett, A 		3	0	40.2	2.66	17	12	1	1.30	1.000	1.22	.312	.293	.605	10.84	4.43	7.30	2.45	16.60
Beimel, J 		3	1	45.0	2.20	12	11	4	1.18	.750	1.28	.298	.358	.656	5.00	2.80	7.80	1.79	13.87
Bergman, C 		3	5	54.2	5.93	37	36	9	1.55	.375	0.59	.347	.555	.902	5.10	1.65	12.35	3.10	16.21
Bonilla, L 		3	0	20.2	3.05	8	7	2	1.21	1.000	1.00	.313	.329	.642	7.40	5.23	5.66	1.42	15.44
Britton, Z 		3	2	76.1	1.65	17	14	4	0.90	.600	5.95	.248	.252	.500	7.31	2.71	5.42	2.70	13.79
Burton, J 		3	5	64.0	4.36	34	31	6	1.30	.375	0.71	.316	.365	.681	6.47	3.52	8.16	1.84	15.83
Cahill, T 		3	12	110.2	5.61	76	69	9	1.61	.200	1.49	.369	.422	.791	8.54	4.47	10.00	1.91	17.42
Capuano, C 		3	4	97.1	4.35	51	47	10	1.39	.429	0.94	.326	.415	.741	7.77	3.14	9.34	2.47	16.85
Casilla, S 		3	3	58.1	1.70	13	11	3	0.86	.500	1.61	.245	.247	.493	6.94	2.31	5.40	3.00	14.76
Claiborne, P 		3	0	21.0	3.00	9	7	1	1.62	1.000	0.70	.354	.417	.771	6.86	4.29	10.29	1.60	17.48
Cumpton, B 		3	4	70.0	4.89	41	38	2	1.43	.429	1.01	.346	.385	.731	5.91	2.31	10.54	2.56	15.90
De Fratus, J 		3	1	52.2	2.39	19	14	4	1.08	.750	0.83	.275	.356	.632	8.37	2.05	7.69	4.08	15.78
Delabar, S 		3	0	25.2	4.91	14	14	3	1.48	1.000	0.63	.363	.367	.729	7.36	6.66	6.66	1.11	18.70
Duensing, B 		3	3	54.1	3.31	20	20	6	1.33	.500	1.12	.320	.405	.725	5.47	3.31	8.61	1.65	16.07
Dyson, S 		3	1	42.0	2.14	14	10	1	1.33	.750	2.71	.330	.323	.653	7.07	3.21	8.79	2.20	16.26
Farquhar, D 		3	1	71.0	2.66	23	21	5	1.13	.750	0.95	.291	.317	.607	10.27	2.79	7.35	3.68	16.04
Garcia, J 		3	1	43.2	4.12	20	20	6	1.05	.750	1.87	.277	.419	.696	8.04	1.44	8.04	5.57	14.45
Giles, K 		3	1	45.2	1.18	7	6	1	0.79	.750	0.83	.220	.230	.450	12.61	2.17	4.93	5.82	15.20
Hand, B 		3	8	111.0	4.38	56	54	10	1.36	.273	1.35	.327	.405	.732	5.43	3.16	9.08	1.72	16.13
Howell, J 		3	3	49.0	2.39	14	13	2	1.14	.500	1.94	.292	.254	.547	8.82	4.59	5.69	1.92	16.49
Hunter, T 		3	2	60.2	2.97	22	20	4	1.10	.600	1.72	.283	.360	.643	6.68	1.78	8.16	3.75	14.27
Janssen, C 		3	3	45.2	3.94	22	20	6	1.18	.500	0.73	.291	.406	.697	5.52	1.38	9.26	4.00	15.35
Kelley, S 		3	6	51.2	4.53	26	26	5	1.26	.333	0.81	.304	.359	.663	11.67	3.48	7.84	3.35	17.21
Kintzler, B 		3	3	58.1	3.24	22	21	8	1.34	.500	1.89	.332	.450	.781	4.78	2.47	9.57	1.94	14.86
Matsuzaka, D 		3	3	83.1	3.89	38	36	6	1.34	.500	0.90	.332	.360	.693	8.42	5.40	6.70	1.56	17.35
May, T 		3	6	45.2	7.88	41	40	7	1.77	.333	0.76	.390	.511	.900	8.67	4.34	11.63	2.00	18.37
Melancon, M 		3	5	71.0	1.90	15	15	2	0.87	.375	1.94	.236	.238	.473	9.00	1.39	6.46	6.45	13.73
Ondrusek, L 		3	3	41.0	5.49	26	25	5	1.61	.500	0.95	.358	.444	.802	9.22	3.51	10.98	2.63	16.61
Oviedo, J 		3	3	31.2	3.69	14	13	3	1.36	.500	0.66	.329	.400	.729	7.39	4.55	7.67	1.63	16.67
Peralta, J 		3	4	63.1	4.41	31	31	9	1.18	.429	0.62	.289	.419	.708	10.52	2.13	8.53	4.93	17.23
Perez, O 		3	4	58.2	2.91	25	19	5	1.26	.429	1.11	.321	.357	.679	11.66	3.68	7.67	3.17	17.05
Quackenbush, K 		3	3	54.1	2.48	15	15	2	1.10	.500	0.93	.281	.288	.568	9.28	2.98	6.96	3.11	16.91
Ramirez, N 		3	3	43.2	1.44	11	7	2	1.05	.500	0.41	.271	.278	.550	10.92	3.50	5.98	3.12	17.08
Rasmus, C 		3	2	56.0	2.57	17	16	5	1.05	.600	0.68	.262	.316	.578	9.16	2.73	6.75	3.35	15.73
Ross, R 		3	6	78.1	6.20	65	54	9	1.70	.333	1.66	.387	.464	.851	5.86	3.45	11.83	1.70	17.30
Sabathia, C 		3	4	46.0	5.28	31	27	10	1.48	.429	1.60	.346	.528	.875	9.39	1.96	11.35	4.80	17.35
Swarzak, A 		3	2	86.0	4.60	48	44	5	1.49	.600	0.99	.340	.412	.752	4.92	2.93	10.47	1.68	16.34
Thornburg, T 		3	1	29.2	4.25	14	14	1	1.52	.750	0.71	.346	.324	.670	8.49	6.37	7.28	1.33	17.22
Tolleson, S 		3	1	71.2	2.76	23	22	10	1.17	.750	0.80	.289	.370	.659	8.67	3.52	7.03	2.46	16.27
Varvaro, A 		3	3	54.2	2.63	18	16	5	1.08	.500	1.02	.271	.361	.632	8.23	2.14	7.57	3.85	16.45
Warren, A 		3	6	78.2	2.97	27	26	4	1.11	.333	1.16	.282	.333	.615	8.69	2.75	7.21	3.17	16.93
Webb, R 		3	3	49.1	3.83	21	21	2	1.26	.500	1.61	.306	.332	.637	6.75	2.19	9.12	3.08	14.66
Wilhelmsen, T 		3	2	79.1	2.27	22	20	6	1.05	.600	1.29	.269	.273	.542	8.17	4.08	5.33	2.00	15.39
Wilson, J 		3	4	60.0	4.20	30	28	4	1.32	.429	1.17	.320	.323	.643	9.15	4.50	7.35	2.03	17.20
Abad, F 		2	4	57.1	1.57	11	10	4	0.85	.333	0.75	.247	.253	.499	8.01	2.35	5.34	3.40	14.32
Adams, M 		2	1	18.2	2.89	8	6	1	1.29	.667	1.62	.312	.348	.660	10.13	3.86	7.71	2.63	16.77
Axelrod, D 		2	1	18.1	2.95	6	6	5	0.98	.667	0.70	.250	.485	.735	9.82	1.96	6.87	5.00	16.91
Axford, J 		2	4	54.2	3.95	26	24	6	1.45	.333	1.75	.338	.354	.691	10.37	5.93	7.08	1.75	19.02
Balfour, G 		2	6	62.1	4.91	34	34	3	1.44	.250	0.94	.338	.350	.688	8.23	5.92	7.07	1.39	18.08
Black, V 		2	3	34.2	2.60	12	10	2	1.30	.400	1.00	.315	.302	.617	8.31	4.93	6.75	1.68	16.18
Blevins, J 		2	3	57.1	4.87	31	31	3	1.24	.400	0.76	.304	.319	.623	10.36	3.61	7.53	2.87	17.02
Breslow, C 		2	4	54.1	5.96	40	36	8	1.86	.333	0.69	.398	.489	.887	6.13	4.64	12.09	1.32	17.98
Cain, M 		2	7	90.1	4.18	47	42	13	1.25	.222	1.01	.310	.415	.725	6.97	3.19	8.07	2.19	15.94
Cecil, B 		2	3	53.1	2.70	16	16	2	1.37	.400	1.80	.316	.310	.627	12.83	4.56	7.76	2.81	16.78
Chamberlain, J 		2	5	63.0	3.57	26	25	3	1.29	.286	1.55	.321	.326	.647	8.43	3.43	8.14	2.46	16.49
Chapman, K 		2	0	21.1	4.64	11	11	3	1.55	1.000	1.65	.351	.427	.778	8.02	4.64	9.28	1.73	17.58
Chen, B 		2	4	48.1	7.45	40	40	7	1.76	.333	0.46	.389	.522	.912	6.70	2.98	12.85	2.25	17.96
Choate, R 		2	2	36.0	4.50	18	18	2	1.11	.500	1.84	.306	.283	.590	8.00	3.25	6.75	2.46	16.36
Cingrani, T 		2	8	63.1	4.55	33	32	12	1.53	.200	0.66	.353	.458	.811	8.67	4.97	8.81	1.74	17.56
Colome, A 		2	0	23.2	2.66	7	7	1	1.23	1.000	0.62	.299	.291	.590	4.94	3.80	7.23	1.30	16.27
Cotts, N 		2	9	66.2	4.32	33	32	6	1.34	.182	0.70	.324	.389	.713	8.51	3.11	8.91	2.74	16.22
De La Rosa, E 		2	0	36.2	2.95	12	12	2	1.39	1.000	0.85	.342	.348	.689	7.85	3.44	9.08	2.29	16.50
Deduno, S 		2	6	100.2	4.47	53	50	9	1.42	.250	1.65	.346	.383	.729	7.42	4.11	8.67	1.80	17.12
DeSclafani, A 		2	2	33.0	6.27	23	23	4	1.36	.500	0.87	.331	.470	.801	7.09	1.36	10.91	5.20	16.61
Detwiler, R 		2	3	63.0	4.00	34	28	5	1.41	.400	0.99	.348	.386	.734	5.57	3.00	9.71	1.86	16.44
Doolittle, S 		2	4	62.2	2.73	19	19	5	0.73	.333	0.31	.197	.262	.459	12.78	1.15	5.46	11.13	14.81
Downs, D 		2	1	34.2	5.45	22	21	2	1.36	.667	1.03	.340	.355	.695	7.01	4.93	7.27	1.42	15.35
Familia, J 		2	5	77.1	2.21	26	19	3	1.18	.286	1.94	.292	.294	.587	8.50	3.72	6.87	2.28	15.79
Feliz, N 		2	1	31.2	1.99	7	7	5	0.98	.667	0.43	.256	.330	.586	5.97	3.13	5.68	1.91	15.22
Figueroa, P 		2	1	9.0	4.00	7	4	1	1.44	.667	1.40	.357	.389	.746	3.00	3.00	10.00	1.00	16.00
Floyd, G 		2	2	54.1	2.65	23	16	6	1.25	.500	1.26	.316	.386	.702	7.45	2.15	9.11	3.46	15.29
Freeman, S 		2	0	38.0	2.61	13	11	2	1.39	1.000	1.66	.339	.299	.638	8.29	4.50	8.05	1.84	17.55
Gomes, B 		2	2	34.0	3.71	14	14	5	1.15	.500	0.67	.283	.381	.664	6.35	2.91	7.41	2.18	16.03
Gomez, J 		2	2	62.0	3.19	24	22	6	1.50	.500	1.40	.356	.454	.810	5.52	3.34	10.16	1.65	15.73
Greenwood, N 		2	1	36.0	4.75	19	19	5	1.14	.667	2.44	.290	.410	.700	4.25	1.25	9.00	3.40	13.58
Guerra, J 		2	4	46.1	2.91	15	15	3	1.32	.333	0.81	.337	.359	.696	7.38	3.88	7.96	1.90	16.66
Hardy, B 		2	1	39.0	2.54	12	11	1	1.38	.667	1.19	.331	.280	.611	7.15	4.62	7.85	1.55	16.49
Henderson, J 		2	1	11.1	7.15	10	9	3	1.59	.667	1.14	.367	.578	.945	13.50	3.18	11.12	4.25	16.59
Holland, D 		2	0	37.0	1.46	8	6	0	1.05	1.000	0.72	.273	.328	.601	6.08	1.22	8.27	5.00	15.46
Hollands, M 		2	2	47.0	4.40	25	23	3	1.40	.500	1.76	.333	.360	.693	6.70	4.02	8.62	1.67	16.43
Holmberg, D 		2	2	30.0	4.80	16	16	8	1.43	.500	0.79	.363	.486	.849	5.40	4.80	8.10	1.13	17.20
Jansen, K 		2	3	65.1	2.76	20	20	5	1.13	.400	0.63	.277	.333	.610	13.91	2.62	7.58	5.32	16.24
Kahnle, T 		2	1	68.2	4.19	39	32	7	1.19	.667	1.07	.293	.335	.628	8.26	4.06	6.68	2.03	16.00
Kohn, M 		2	1	23.2	3.04	9	8	1	1.31	.667	0.31	.327	.218	.545	9.89	7.61	4.18	1.30	18.55
Layne, T 		2	1	19.0	0.95	4	2	0	1.16	.667	1.44	.303	.288	.591	6.63	3.79	6.63	1.75	16.00
League, B 		2	3	63.0	2.57	23	18	0	1.46	.400	3.18	.358	.325	.683	5.43	3.86	9.29	1.41	15.17
Lindstrom, M 		2	2	34.0	5.03	23	19	3	1.74	.500	1.50	.390	.504	.893	4.76	3.18	12.44	1.50	16.32
Logan, B 		2	3	25.0	6.84	20	19	6	1.68	.400	2.42	.377	.530	.907	11.52	3.96	11.16	2.91	17.32
Martinez, C 		2	4	89.1	4.03	41	40	4	1.41	.333	1.49	.343	.370	.713	8.46	3.63	9.07	2.33	15.44
Masset, N 		2	0	45.0	5.80	31	29	3	1.78	1.000	1.57	.405	.463	.868	7.20	4.80	11.20	1.50	16.87
Matusz, B 		2	3	51.2	3.48	23	20	7	1.32	.400	0.65	.314	.436	.750	9.23	2.96	8.88	3.12	17.69
Mikolas, M 		2	5	57.1	6.44	43	41	8	1.43	.286	0.77	.339	.430	.769	5.97	2.83	10.05	2.11	16.24
Mujica, E 		2	4	60.0	3.90	28	26	6	1.38	.333	1.02	.331	.460	.790	6.45	2.10	10.35	3.07	15.85
Nelson, J 		2	9	69.1	4.93	42	38	6	1.46	.182	1.38	.352	.441	.793	7.40	2.47	10.64	3.00	16.00
Nova, I 		2	2	20.2	8.27	19	19	6	1.84	.500	1.20	.417	.616	1.033	5.23	2.61	13.94	2.00	15.87
Nuno, V 		2	12	161.2	4.56	89	82	25	1.26	.143	0.74	.309	.436	.745	7.18	2.56	8.74	2.80	16.01
Ogando, A 		2	3	25.0	6.84	19	19	1	1.92	.400	0.50	.405	.390	.795	7.92	5.40	11.88	1.47	19.76
Papelbon, J 		2	3	66.1	2.04	15	15	2	0.90	.400	0.82	.254	.246	.500	8.55	2.04	6.11	4.20	15.38
Penny, B 		2	1	26.0	6.58	20	19	3	1.81	.667	1.68	.407	.529	.936	4.50	4.50	11.77	1.00	17.23
Pimentel, S 		2	1	32.2	5.23	19	19	5	1.53	.667	0.41	.351	.434	.785	10.47	4.41	9.37	2.38	18.15
Pino, Y 		2	5	60.1	5.07	37	34	8	1.33	.286	0.55	.316	.443	.759	7.46	2.09	9.85	3.57	16.77
Poreda, A 		2	1	21.1	5.91	14	14	2	1.73	.667	1.11	.392	.517	.909	8.86	2.95	12.66	3.00	17.30
Pressly, R 		2	0	28.1	2.86	10	9	3	1.34	1.000	1.30	.325	.454	.779	4.45	2.54	9.53	1.75	13.66
Ramos, C 		2	6	82.2	3.70	39	34	8	1.35	.250	1.00	.317	.358	.675	7.19	4.25	7.95	1.69	15.86
Rogers, E 		2	0	45.2	5.72	30	29	8	1.47	1.000	0.65	.345	.464	.809	8.67	3.35	9.85	2.59	18.59
Rosenthal, T 		2	6	70.1	3.20	25	25	2	1.41	.250	0.82	.337	.305	.641	11.13	5.37	7.29	2.07	17.96
Ryan, K 		2	0	10.1	2.61	3	3	0	1.16	1.000	4.00	.293	.333	.626	3.48	1.74	8.71	2.00	15.77
Sanchez, A 		2	2	33.0	1.09	5	4	1	0.70	.500	2.33	.202	.165	.367	7.36	2.45	3.82	3.00	14.09
Schlitter, B 		2	3	56.1	4.15	29	26	2	1.37	.400	2.22	.333	.349	.682	4.95	3.04	9.27	1.63	16.08
Soria, J 		2	4	44.1	3.25	19	16	2	0.99	.333	0.80	.254	.351	.605	9.74	1.22	7.71	8.00	15.61
Storen, D 		2	1	56.1	1.12	8	7	2	0.98	.667	1.26	.262	.278	.540	7.35	1.76	7.03	4.18	14.33
Street, H 		2	2	59.1	1.37	9	9	4	0.94	.500	0.73	.246	.276	.521	8.65	2.12	6.37	4.07	15.62
Strop, P 		2	4	61.0	2.21	19	15	2	1.07	.333	1.81	.283	.252	.535	10.48	3.69	5.90	2.84	14.90
Surkamp, E 		2	0	24.1	4.81	14	13	3	1.44	1.000	1.04	.346	.367	.713	7.40	4.81	8.14	1.54	17.18
Thatcher, J 		2	1	30.1	3.86	16	13	3	1.32	.667	0.62	.331	.423	.754	8.01	1.19	10.68	6.75	17.60
Thielbar, C 		2	1	47.2	3.40	19	18	3	1.41	.667	0.61	.332	.407	.738	6.61	3.02	9.63	2.19	17.06
Torres, A 		2	1	54.0	3.33	25	20	2	1.46	.667	1.33	.345	.300	.645	8.50	5.50	7.67	1.55	18.37
Treinen, B 		2	3	50.2	2.49	17	14	1	1.38	.400	2.39	.336	.342	.678	5.33	2.31	10.13	2.31	14.49
Walker, T 		2	3	38.0	2.61	12	11	2	1.29	.400	1.24	.325	.317	.642	8.05	4.26	7.34	1.89	16.45
Wilson, B 		2	4	48.1	4.66	26	25	5	1.61	.333	0.71	.369	.402	.771	10.06	5.40	9.12	1.86	21.10
Aceves, A 		1	2	19.1	6.52	14	14	6	1.40	.333	0.32	.329	.563	.892	7.45	1.86	10.71	4.00	16.71
Achter, A 		1	0	11.0	3.27	7	4	2	1.55	1.000	0.42	.347	.522	.869	4.09	2.45	11.45	1.67	15.36
Anderson, B 		1	3	43.1	2.91	18	14	1	1.32	.250	2.03	.318	.370	.688	6.02	2.70	9.14	2.23	15.32
Baker, J 		1	0	1.0	0.00	0	0	0	1.00	1.000	1.00	.333	.000	.333	0.00	9.00	0.00	0.00	11.00
Bass, A 		1	1	27.0	6.33	20	19	6	1.44	.500	1.29	.345	.495	.840	2.33	2.33	10.67	1.00	15.96
Bassitt, C 		1	1	29.2	3.94	13	13	0	1.58	.500	0.78	.368	.353	.721	6.37	3.94	10.31	1.62	17.76
Bell, H 		1	1	17.1	7.27	16	14	1	1.85	.500	3.44	.414	.446	.860	6.23	4.15	12.46	1.50	20.31
Bolsinger, M 		1	6	52.1	5.50	36	32	7	1.59	.143	1.68	.353	.519	.872	8.25	2.92	11.35	2.82	16.15
Buchanan, J 		1	3	35.1	4.58	19	18	4	1.50	.250	3.21	.358	.428	.785	5.09	3.06	10.44	1.67	15.88
Buchter, R 		1	0	1.0	0.00	0	0	0	1.00	1.000	-	.333	.000	.333	9.00	9.00	0.00	1.00	12.00
Butler, E 		1	1	16.0	6.75	12	12	2	1.88	.500	1.69	.405	.567	.973	1.69	3.94	12.94	0.43	16.19
Carlyle, B 		1	1	31.0	1.45	6	5	2	0.90	.500	0.70	.237	.310	.547	8.13	1.45	6.68	5.60	15.06
Chacin, J 		1	7	63.1	5.40	38	38	8	1.44	.125	1.00	.341	.450	.790	5.97	3.98	8.95	1.50	16.22
Chatwood, T 		1	0	24.0	4.50	13	12	4	1.21	1.000	1.38	.307	.404	.711	7.50	3.00	7.88	2.50	14.75
Coleman, C 		1	0	12.0	5.25	8	7	0	1.83	1.000	2.11	.400	.388	.788	3.75	4.50	12.00	0.83	19.25
Coleman, L 		1	0	34.0	5.56	21	21	6	1.68	1.000	1.00	.377	.485	.862	6.35	4.76	10.32	1.33	18.03
Cook, R 		1	3	50.0	3.42	19	19	3	1.08	.250	1.13	.280	.305	.585	9.00	3.96	5.76	2.27	14.98
Edgin, J 		1	0	27.1	1.32	6	4	2	0.91	1.000	1.22	.240	.299	.539	9.22	1.98	6.26	4.67	14.96
Elbert, S 		1	0	4.1	2.08	1	1	0	1.15	1.000	0.83	.278	.235	.513	4.15	2.08	8.31	2.00	15.69
Eveland, D 		1	1	27.1	2.63	8	8	2	1.10	.500	1.70	.296	.333	.629	8.89	1.98	7.90	4.50	17.38
Francis, J 		1	2	20.0	5.85	13	13	3	1.05	.333	0.88	.272	.408	.679	6.75	1.35	8.10	5.00	15.60
Frias, C 		1	1	32.1	6.12	22	22	4	1.24	.500	1.13	.292	.385	.677	8.07	1.95	9.19	4.14	15.06
Frieri, E 		1	4	41.2	7.34	34	34	11	1.46	.200	0.55	.342	.542	.884	10.37	3.02	10.15	3.43	18.65
Furbush, C 		1	5	42.1	3.61	17	17	4	1.16	.167	0.61	.297	.352	.649	10.84	1.91	8.50	5.67	15.87
Garcia, L 		1	0	14.0	6.43	12	10	2	1.93	1.000	4.00	.397	.418	.815	7.71	8.36	9.00	0.92	20.36
Grilli, J 		1	5	54.0	4.00	26	24	4	1.33	.167	0.76	.330	.371	.702	9.50	3.50	8.50	2.71	17.35
Gutierrez, J 		1	2	63.2	3.96	30	28	7	1.19	.333	0.70	.294	.436	.731	6.22	2.26	8.48	2.75	15.08
Hagadone, N 		1	0	23.1	2.70	7	7	3	1.03	1.000	0.67	.267	.369	.636	10.41	2.31	6.94	4.50	15.04
Harrison, M 		1	1	17.1	4.15	8	8	1	1.85	.500	1.28	.398	.386	.783	5.19	6.23	10.38	0.83	19.79
Hellickson, J 		1	5	63.2	4.52	35	32	8	1.45	.167	0.60	.335	.424	.759	7.63	2.97	10.04	2.57	18.50
Hendriks, L 		1	2	32.2	5.23	21	19	3	1.38	.333	0.95	.336	.450	.786	6.34	1.93	10.47	3.29	16.87
Herrera, Y 		1	1	16.2	2.70	5	5	0	1.86	.500	1.06	.403	.426	.829	7.02	4.86	11.88	1.44	18.78
Holdzkom, J 		1	0	9.0	2.00	2	2	1	0.67	1.000	1.00	.188	.233	.421	14.00	2.00	4.00	7.00	14.11
Holland, G 		1	3	62.1	1.44	13	10	3	0.91	.250	0.98	.238	.234	.472	12.99	2.89	5.34	4.50	16.07
Hoover, J 		1	10	62.2	4.88	36	34	13	1.39	.091	0.42	.321	.464	.785	10.77	4.45	8.04	2.42	18.27
Jeffress, J 		1	1	32.0	2.81	10	10	1	1.41	.500	2.47	.356	.353	.709	8.16	2.81	9.84	2.90	15.88
Jenkins, C 		1	1	31.2	2.56	10	9	2	1.26	.500	1.57	.301	.372	.674	5.12	1.71	9.66	3.00	13.89
Johnson, E 		1	1	23.2	6.46	18	17	1	1.77	.500	0.74	.404	.418	.821	6.85	5.70	10.27	1.20	19.39
Karns, N 		1	1	12.0	4.50	6	6	3	0.92	.500	1.09	.265	.395	.661	9.75	3.00	5.25	3.25	17.08
Klein, P 		1	2	19.0	2.84	6	6	3	1.11	.333	0.83	.291	.388	.679	10.89	4.74	5.21	2.30	16.68
Lannan, J 		1	0	4.0	15.75	7	7	3	2.25	1.000	2.33	.429	1.000	1.429	4.50	4.50	15.75	1.00	23.00
LeBlanc, W 		1	1	29.2	3.94	13	13	2	1.15	.500	0.78	.298	.327	.625	6.37	2.12	8.19	3.00	15.10
LeCure, S 		1	4	56.2	3.81	27	24	6	1.52	.200	1.11	.357	.429	.787	7.62	3.81	9.85	2.00	17.17
Lee, C 		1	1	28.0	4.50	15	14	3	1.50	.500	1.15	.360	.431	.791	8.36	3.86	9.64	2.17	17.86
Lobstein, K 		1	2	39.1	4.35	20	19	3	1.25	.333	0.87	.301	.365	.665	6.18	3.20	8.01	1.93	16.02
Lopez, J 		1	1	37.2	3.11	14	13	2	1.33	.500	2.58	.317	.312	.629	5.26	4.54	7.41	1.16	15.90
Lueke, J 		1	2	30.1	5.64	20	19	7	1.42	.333	0.95	.326	.504	.830	5.64	1.48	11.27	3.80	16.05
Maholm, P 		1	5	70.2	4.84	44	38	8	1.56	.167	1.88	.367	.449	.816	4.33	3.57	10.44	1.21	16.60
Manship, J 		1	2	23.0	6.65	17	17	1	1.65	.333	1.13	.373	.432	.804	6.26	5.48	9.39	1.14	16.17
Mariot, M 		1	0	25.0	6.48	21	18	2	1.72	1.000	0.93	.364	.423	.787	7.56	4.32	11.16	1.75	19.20
Maurer, B 		1	4	69.2	4.65	39	36	6	1.33	.200	0.72	.311	.394	.705	7.11	2.45	9.56	2.89	16.28
Miller, J 		1	0	12.1	5.11	9	7	2	1.30	1.000	0.78	.308	.521	.829	3.65	1.46	10.22	2.50	15.65
Mills, B 		1	1	20.2	9.15	22	21	5	1.94	.500	0.74	.416	.575	.991	8.27	4.79	12.63	1.73	19.98
Montero, R 		1	3	44.1	4.06	21	20	8	1.51	.250	0.77	.345	.480	.825	8.53	4.67	8.93	1.83	18.88
Morrow, B 		1	3	33.1	5.67	21	21	2	1.65	.250	1.63	.374	.457	.832	8.10	4.86	9.99	1.67	18.54
Motte, J 		1	0	25.0	4.68	14	13	7	1.52	1.000	0.67	.345	.545	.891	6.12	3.24	10.44	1.89	16.40
Neris, H 		1	0	1.0	0.00	0	0	0	0.00	1.000	1.00	.000	.000	.000	9.00	0.00	0.00	-	9.00
O'Flaherty, E 		1	0	20.0	2.25	5	5	3	0.95	1.000	1.59	.266	.342	.608	6.75	1.80	6.75	3.75	16.05
Ottavino, A 		1	4	65.0	3.60	26	26	6	1.28	.200	1.17	.322	.413	.735	9.69	2.22	9.28	4.38	16.71
Parker, B 		1	1	21.0	5.14	13	12	3	1.33	.500	0.50	.308	.477	.784	10.29	1.71	10.29	6.00	17.10
Partch, C 		1	0	7.0	0.00	0	0	0	1.29	1.000	0.88	.300	.087	.387	7.71	9.00	2.57	0.86	20.29
Patton, S 		1	0	9.1	0.96	1	1	0	0.86	1.000	0.90	.229	.212	.441	7.71	1.93	5.79	4.00	15.21
Perez, C 		1	3	46.1	4.27	23	22	6	1.36	.250	0.90	.342	.413	.755	7.58	4.86	7.38	1.56	17.96
Petricka, J 		1	6	73.0	2.96	24	24	3	1.37	.143	2.13	.336	.336	.671	6.78	4.07	8.26	1.67	16.32
Putz, J 		1	1	13.2	6.59	10	10	1	1.68	.500	1.40	.387	.481	.869	9.22	3.95	11.20	2.33	18.95
Qualls, C 		1	5	51.1	3.33	22	19	5	1.15	.167	1.95	.289	.377	.667	7.54	0.88	9.47	8.60	13.58
Ramirez, E 		1	6	75.1	5.26	44	44	13	1.54	.143	0.79	.362	.453	.815	7.17	4.06	9.80	1.76	17.16
Ray, R 		1	4	28.2	8.16	26	26	5	1.88	.200	0.80	.400	.593	.993	5.97	3.45	13.50	1.73	19.08
Redmond, T 		1	4	75.0	3.24	33	27	5	1.33	.200	0.54	.327	.399	.726	7.20	3.24	8.76	2.22	16.07
Reed, A 		1	7	59.1	4.25	31	28	11	1.21	.125	0.49	.291	.449	.740	10.47	2.28	8.65	4.60	16.30
Rice, S 		1	2	13.2	5.93	9	9	1	1.98	.333	5.25	.431	.404	.835	8.56	7.90	9.88	1.08	19.90
Roach, D 		1	0	30.1	4.75	17	16	2	1.68	1.000	3.53	.401	.419	.820	5.04	4.45	10.68	1.13	16.45
Rodney, F 		1	6	66.1	2.85	24	21	3	1.34	.143	1.57	.326	.320	.646	10.31	3.80	8.28	2.71	17.16
Rodriguez, F 		1	0	9.0	1.00	1	1	0	0.67	1.000	0.35	.182	.161	.343	4.00	2.00	4.00	2.00	13.44
Rodriguez, P 		1	0	14.0	3.86	6	6	1	1.14	1.000	1.56	.308	.354	.662	9.00	2.57	7.71	3.50	16.79
Rosenberg, B 		1	0	12.0	6.75	10	9	5	2.25	1.000	0.64	.458	.750	1.208	6.75	5.25	15.00	1.29	21.33
Rosin, S 		1	0	4.0	6.75	3	3	0	1.75	1.000	1.25	.368	.444	.813	6.75	2.25	13.50	3.00	17.75
Rosscup, Z 		1	0	13.1	9.45	14	14	2	1.95	1.000	0.58	.394	.481	.875	14.18	8.10	9.45	1.75	22.13
Roth, M 		1	0	12.1	8.76	12	12	2	2.03	1.000	2.29	.467	.511	.977	6.57	6.57	11.68	1.00	20.03
Scahill, R 		1	0	15.0	4.80	8	8	3	1.73	1.000	1.13	.375	.500	.875	6.60	5.40	10.20	1.22	16.53
Scribner, E 		1	0	11.2	4.63	6	6	4	0.94	1.000	0.71	.255	.522	.777	8.49	0.00	8.49	-	14.06
Siegrist, K 		1	4	30.1	6.82	23	23	5	1.58	.200	0.56	.360	.458	.818	10.98	4.75	9.49	2.31	19.09
Simmons, S 		1	2	21.2	2.91	8	7	1	1.20	.333	1.50	.295	.303	.598	9.55	4.57	6.23	2.09	17.03
Slowey, K 		1	1	37.1	5.30	23	22	3	1.66	.500	1.03	.388	.520	.908	5.79	2.17	12.78	2.67	15.83
Smith, C 		1	0	8.1	0.00	0	0	0	0.60	1.000	6.00	.172	.077	.249	10.80	3.24	2.16	3.33	13.68
Smith, W 		1	3	65.2	3.70	31	27	6	1.42	.250	1.12	.337	.400	.737	11.79	4.25	8.50	2.77	17.12
Spruill, Z 		1	1	22.2	3.57	11	9	0	1.37	.500	1.30	.330	.356	.685	5.56	1.59	10.72	3.50	14.34
Straily, D 		1	3	52.0	6.75	41	39	10	1.48	.250	0.72	.342	.490	.832	8.13	4.15	9.17	1.96	16.94
Strickland, H 		1	0	7.0	0.00	0	0	0	0.71	1.000	1.75	.200	.240	.440	11.57	0.00	6.43	-	13.57
Thomas, I 		1	2	10.2	4.22	5	5	0	1.50	.333	0.73	.340	.275	.615	10.97	5.06	8.44	2.17	19.12
Thornton, M 		1	3	36.0	1.75	9	7	0	1.14	.250	1.23	.307	.289	.596	7.00	2.00	8.25	3.50	17.69
Tropeano, N 		1	3	21.2	4.57	12	11	0	1.29	.250	0.63	.322	.304	.626	5.40	3.74	7.89	1.44	16.94
Valverde, J 		1	1	20.2	5.66	16	13	4	1.65	.500	0.41	.358	.494	.852	10.02	4.35	10.45	2.30	18.10
Vincent, N 		1	2	55.0	3.60	22	22	5	1.00	.333	0.63	.269	.357	.626	10.15	1.80	7.20	5.64	15.64
Wieland, J 		1	0	11.1	7.15	9	9	3	1.85	1.000	0.79	.389	.604	.993	6.35	3.97	12.71	1.60	18.97
Wilson, A 		1	0	28.1	1.91	8	6	3	0.88	1.000	0.91	.248	.376	.624	6.04	1.59	6.35	3.80	14.54
Wolf, R 		1	3	25.2	5.26	17	15	4	1.52	.250	0.83	.348	.528	.877	6.66	2.10	11.57	3.17	16.75
Wooten, R 		1	4	34.1	4.72	18	18	1	1.46	.200	1.58	.347	.409	.756	7.60	2.10	11.01	3.63	17.27
Workman, B 		1	10	87.0	5.17	57	50	11	1.43	.091	0.97	.333	.415	.748	7.24	3.72	9.10	1.94	16.43
Adams, A 		0	0	7.0	9.00	7	7	1	1.43	-	1.29	.333	.517	.851	5.14	1.29	11.57	4.00	14.29
Adcock, N 		0	0	10.0	4.50	5	5	2	1.60	-	1.00	.400	.474	.874	8.10	4.50	9.90	1.80	18.20
Albers, M 		0	0	10.0	0.90	1	1	0	1.30	-	1.50	.333	.342	.675	7.20	2.70	9.00	2.67	17.00
Alvarez, D 		0	0	1.1	13.50	2	2	1	3.00	-	0.50	.500	1.000	1.500	6.75	0.00	27.00	-	23.25
Alvarez, J 		0	0	0.2	0.00	0	0	0	1.50	-	0.00	.333	.333	.667	13.50	0.00	13.50	-	15.00
Alvarez, R 		0	0	8.0	1.13	1	1	0	1.00	-	0.36	.273	.115	.388	10.13	5.63	3.38	1.80	20.25
Ambriz, H 		0	0	2.0	4.50	2	1	0	2.00	-	0.33	.444	.286	.730	4.50	9.00	9.00	0.50	16.50
Anna, D 		0	0	1.0	18.00	2	2	0	3.00	-	0.00	.500	.667	1.167	0.00	0.00	27.00	-	17.00
Arencibia, J 		0	0	1.0	0.00	0	0	0	1.00	-	0.00	.250	.250	.500	0.00	0.00	9.00	-	10.00
Aumont, P 		0	1	5.2	19.06	12	12	3	3.35	.000	1.50	.543	.966	1.508	9.53	7.94	22.24	1.20	24.35
Badenhop, B 		0	3	70.2	2.29	20	18	1	1.26	.000	2.22	.319	.352	.672	5.09	2.42	8.92	2.11	15.06
Baez, P 		0	0	24.0	2.63	7	7	3	0.88	-	0.51	.231	.306	.537	6.75	1.88	6.00	3.60	14.63
Barnes, M 		0	0	9.0	4.00	4	4	1	1.44	-	0.38	.333	.528	.861	8.00	2.00	11.00	4.00	17.44
Beato, P 		0	0	4.1	0.00	0	0	0	1.38	-	0.25	.316	.188	.503	6.23	6.23	6.23	1.00	17.77
Beavan, B 		0	1	4.0	4.50	2	2	2	1.50	.000	0.80	.375	.750	1.125	2.25	0.00	13.50	-	15.75
Bedrosian, C 		0	1	19.1	6.52	17	14	2	1.81	.000	0.90	.376	.425	.801	9.31	5.59	10.71	1.67	21.10
Beeler, D 		0	2	11.0	3.27	5	4	0	1.55	.000	1.56	.378	.368	.746	4.91	5.73	8.18	0.86	17.00
Beliveau, J 		0	0	24.0	2.63	7	7	1	1.08	-	0.76	.283	.270	.552	10.50	2.63	7.13	4.00	16.21
Bell, T 		0	0	0.2	67.50	5	5	0	10.50	-	-	.778	1.000	1.778	0.00	27.00	67.50	0.00	54.00
Bettis, C 		0	2	24.2	9.12	26	25	4	2.11	.000	1.65	.434	.586	1.020	4.74	3.65	15.32	1.30	20.23
Billings, B 		0	0	4.0	9.00	4	4	2	1.25	-	0.67	.294	.688	.982	15.75	2.25	9.00	7.00	19.00
Bochy, B 		0	0	3.1	5.40	2	2	1	0.90	-	0.75	.286	.364	.649	8.10	5.40	2.70	1.50	19.20
Boyer, B 		0	1	40.1	3.57	16	16	2	1.04	.000	0.89	.266	.362	.628	6.47	1.79	7.59	3.63	15.50
Britton, D 		0	0	6.2	0.00	0	0	0	1.05	-	0.60	.259	.280	.539	5.40	2.70	6.75	2.00	13.20
Brooks, A 		0	1	2.2	43.88	13	13	1	5.62	.000	1.50	.708	1.056	1.764	6.75	10.13	40.50	0.67	32.62
Brown, B 		0	1	26.0	2.77	9	8	3	0.96	.000	1.85	.250	.313	.563	7.27	1.73	6.92	4.20	15.58
Buckner, B 		0	1	5.2	4.76	3	3	1	1.76	.000	3.33	.385	.455	.839	6.35	6.35	9.53	1.00	15.35
Bueno, F 		0	0	32.1	4.18	16	15	3	1.33	-	1.05	.310	.431	.741	5.57	1.95	10.02	2.86	14.91
Burnett, S 		0	0	0.2	13.50	1	1	0	1.50	-	1.00	.333	.333	.667	0.00	0.00	13.50	-	28.50
Butera, D 		0	0	1.2	10.80	2	2	1	1.20	-	2.00	.286	.857	1.143	10.80	0.00	10.80	-	15.60
Butler, K 		0	0	2.0	27.00	6	6	0	3.50	-	3.00	.571	.750	1.321	9.00	4.50	27.00	2.00	27.00
Cabral, C 		0	0	1.0	27.00	3	3	0	6.00	-	0.00	.750	.571	1.321	18.00	18.00	36.00	1.00	49.00
Caminero, A 		0	1	6.2	10.80	8	8	2	1.80	.000	0.38	.387	.556	.943	10.80	5.40	10.80	2.00	17.10
Camp, S 		0	0	3.1	5.40	2	2	1	2.10	-	1.33	.467	.800	1.267	2.70	0.00	18.90	-	15.30
Campos, L 		0	0	7.0	5.14	5	4	0	1.86	-	0.83	.394	.379	.773	11.57	5.14	11.57	2.25	18.29
Capps, C 		0	0	20.1	3.98	9	9	1	1.18	-	0.67	.302	.308	.610	11.07	2.21	8.41	5.00	17.90
Carp, M 		0	0	1.0	9.00	1	1	0	5.00	-	1.00	.714	.000	.714	0.00	45.00	0.00	0.00	38.00
Carpenter, D 		0	0	3.0	0.00	0	0	0	0.33	-	1.25	.250	.100	.350	0.00	0.00	3.00	-	13.00
Cedeno, X 		0	0	7.0	3.86	4	3	1	1.43	-	0.88	.333	.500	.833	6.43	0.00	12.86	-	16.00
Chafin, A 		0	1	14.0	3.86	6	6	0	1.50	.000	1.80	.379	.306	.685	6.43	5.14	8.36	1.25	18.43
Chapman, A 		0	3	54.0	2.00	12	12	1	0.83	.000	1.04	.234	.172	.406	17.67	4.00	3.50	4.42	17.31
Christiani, N 		0	1	13.0	5.54	8	8	2	1.38	.000	1.21	.316	.460	.776	5.54	4.15	8.31	1.33	14.15
Cisnero, J 		0	0	4.2	9.64	5	5	0	2.57	-	0.14	.480	.450	.930	9.64	7.71	15.43	1.25	21.43
Claudio, A 		0	0	12.1	2.92	4	4	0	1.46	-	1.75	.333	.360	.693	10.22	2.92	10.22	3.50	16.95
Clemens, P 		0	1	24.2	5.84	20	16	5	1.66	.000	1.11	.362	.500	.862	5.84	4.74	10.22	1.23	16.86
Cleto, M 		0	1	29.1	4.60	18	15	3	1.60	.000	0.87	.362	.348	.711	9.82	7.06	7.36	1.39	19.26
Collins, T 		0	3	21.0	3.86	9	9	2	1.38	.000	0.76	.356	.356	.712	6.43	4.71	7.71	1.36	17.95
Contreras, C 		0	1	19.1	6.52	16	14	2	1.86	.000	0.44	.383	.382	.765	8.84	7.91	8.84	1.12	20.17
Corcino, D 		0	2	18.2	4.34	9	9	2	1.23	.000	0.64	.300	.319	.619	7.23	4.82	6.27	1.50	16.98
Cordier, E 		0	0	6.0	1.50	4	1	0	1.17	-	0.80	.357	.217	.575	13.50	3.00	7.50	4.50	18.17
Coulombe, D 		0	0	4.1	4.15	3	2	1	1.62	-	0.83	.318	.450	.768	8.31	4.15	10.38	2.00	18.23
Daley, M 		0	1	14.1	5.02	11	8	4	1.26	.000	0.42	.306	.519	.825	6.28	3.77	7.53	1.67	15.77
Darnell, L 		0	2	24.0	7.13	20	19	5	1.63	.000	1.38	.357	.545	.902	8.25	3.00	11.63	2.75	16.42
De La Rosa, D 		0	0	2.1	11.57	3	3	0	2.57	-	0.75	.500	.375	.875	0.00	11.57	11.57	0.00	17.14
De Leon, J 		0	0	7.1	4.91	4	4	2	1.64	-	0.70	.364	.621	.984	4.91	3.68	11.05	1.33	18.82
Dennick, R 		0	0	4.2	11.57	7	6	2	2.36	-	0.38	.440	.700	1.140	5.79	7.71	13.50	0.75	20.14
Descalso, D 		0	0	0.1	0.00	0	0	0	0.00	-	0.00	.000	.000	.000	0.00	0.00	0.00	-	6.00
Diaz, J 		0	0	5.2	3.18	2	2	0	1.24	-	1.25	.292	.300	.592	12.71	4.76	6.35	2.67	16.06
Diaz, J 		0	1	34.2	3.38	13	13	3	1.24	.000	0.94	.303	.365	.668	9.61	3.63	7.53	2.64	16.88
Dominguez, J 		0	0	6.1	11.37	8	8	2	1.58	-	0.83	.367	.615	.982	11.37	4.26	9.95	2.67	15.95
Downs, S 		0	4	38.0	4.97	24	21	2	1.47	.000	1.80	.339	.386	.726	5.92	4.74	8.53	1.25	18.24
Drabek, K 		0	0	3.0	0.00	0	0	0	1.33	-	0.00	.308	.273	.580	15.00	6.00	6.00	2.50	18.33
Dunn, A 		0	0	1.0	9.00	1	1	0	3.00	-	0.50	.500	.400	.900	0.00	9.00	18.00	0.00	22.00
Dunning, J 		0	0	0.2	0.00	0	0	0	1.50	-	0.00	.500	-	.500	0.00	13.50	0.00	0.00	19.50
Edwards, J 		0	0	8.1	4.32	5	4	0	2.16	-	0.88	.442	.378	.820	9.72	5.40	14.04	1.80	19.68
Escobar, E 		0	0	2.0	4.50	1	1	0	0.50	-	0.33	.250	.286	.536	9.00	0.00	4.50	-	18.00
Farmer, B 		0	1	9.1	11.57	12	12	2	1.82	.000	0.60	.413	.641	1.054	10.61	4.82	11.57	2.20	20.79
Farnsworth, K 		0	3	28.2	4.40	14	14	2	1.64	.000	0.97	.367	.450	.817	5.65	4.71	10.05	1.20	16.71
Feierabend, R 		0	0	7.1	6.14	5	5	0	1.91	-	1.00	.400	.500	.900	4.91	2.45	14.73	2.00	18.27
Fife, S 		0	0	6.0	6.00	4	4	3	1.33	-	2.25	.333	.680	1.013	7.50	1.50	10.50	5.00	17.50
Figaro, A 		0	1	8.2	7.27	7	7	2	1.38	.000	1.57	.316	.541	.856	8.31	1.04	11.42	8.00	18.12
Finnegan, B 		0	1	7.0	1.29	1	1	0	1.00	.000	1.75	.250	.296	.546	12.86	1.29	7.71	10.00	17.29
Flande, Y 		0	6	59.0	5.19	34	34	5	1.20	.000	2.44	.309	.402	.711	5.19	2.44	8.39	2.13	15.20
Flynn, B 		0	1	7.0	9.00	7	7	0	2.14	.000	1.33	.429	.500	.929	7.71	3.86	15.43	2.00	20.00
Foltynewicz, M 		0	1	18.2	5.30	11	11	3	1.61	.000	0.54	.357	.506	.864	6.75	3.38	11.09	2.00	17.46
Fornataro, E 		0	0	9.2	4.66	6	5	0	1.24	-	0.86	.310	.359	.668	2.79	0.93	10.24	3.00	16.45
Francisco, F 		0	0	3.2	12.27	6	5	2	2.73	-	0.75	.455	.737	1.191	12.27	7.36	17.18	1.67	27.27
Friedrich, C 		0	4	24.1	5.92	21	16	3	1.44	.000	0.64	.339	.442	.782	9.99	3.70	9.25	2.70	16.40
Fujikawa, K 		0	0	13.0	4.85	8	7	2	1.85	-	1.33	.406	.436	.843	11.77	4.15	12.46	2.83	18.00
Garces, F 		0	0	9.0	2.00	2	2	1	1.00	-	0.31	.270	.400	.670	10.00	1.00	8.00	10.00	15.89
Garcia, L 		0	1	1.0	18.00	2	2	0	3.00	.000	2.00	.500	.500	1.000	0.00	18.00	9.00	0.00	25.00
Garcia, Y 		0	0	10.0	1.80	2	2	2	0.70	-	1.00	.194	.343	.537	8.10	0.90	5.40	9.00	13.40
Geltz, S 		0	1	8.1	3.24	3	3	3	1.32	.000	0.25	.351	.500	.851	15.12	5.40	6.48	2.80	18.96
Germano, J 		0	0	5.1	11.81	7	7	1	2.06	-	0.63	.429	.652	1.081	5.06	5.06	13.50	1.00	22.50
Germen, G 		0	0	30.1	4.75	16	16	7	1.45	-	0.78	.341	.496	.837	9.20	4.15	8.90	2.21	16.68
Gimenez, C 		0	0	1.0	0.00	0	0	0	0.00	-	1.00	.000	.000	.000	9.00	0.00	0.00	-	12.00
Goeddel, E 		0	0	6.2	2.70	2	2	0	1.05	-	0.63	.269	.136	.406	8.10	5.40	4.05	1.50	14.40
Gonzalez, M 		0	1	5.1	6.75	4	4	1	2.25	.000	0.33	.414	.538	.952	8.44	5.06	15.19	1.67	24.38
Gorzelanny, T 		0	0	21.0	0.86	3	2	1	1.43	-	0.67	.337	.318	.654	9.86	3.43	9.43	2.88	17.81
Graveman, K 		0	0	4.2	3.86	2	2	0	0.86	-	9.00	.222	.333	.556	7.71	0.00	7.71	-	13.07
Gregg, K 		0	0	9.0	10.00	10	10	2	1.78	-	0.73	.390	.583	.974	6.00	5.00	11.00	1.20	18.11
Grube, J 		0	0	0.2	13.50	1	1	1	1.50	-	0.00	.333	1.333	1.667	0.00	0.00	13.50	-	10.50
Guerrier, M 		0	1	28.0	3.86	12	12	1	1.43	.000	0.87	.333	.373	.706	3.86	3.21	9.64	1.20	15.71
Guilmet, P 		0	1	10.1	5.23	6	6	2	0.97	.000	1.10	.233	.400	.633	10.45	1.74	6.97	6.00	15.77
Hagens, B 		0	1	2.2	3.38	1	1	0	2.63	.000	4.00	.538	.500	1.038	6.75	10.13	13.50	0.67	20.62
Harrell, L 		0	3	12.1	9.49	14	13	2	2.27	.000	2.22	.424	.582	1.006	6.57	6.57	13.86	1.00	23.03
Harris, W 		0	3	29.0	4.34	14	14	3	1.24	.000	0.81	.319	.421	.740	10.86	2.79	8.38	3.89	16.52
Hatcher, C 		0	3	56.0	3.38	22	21	4	1.20	.000	1.06	.290	.376	.666	9.64	1.93	8.84	5.00	16.46
Heaney, A 		0	3	29.1	5.83	19	19	6	1.33	.000	1.13	.339	.509	.847	6.14	2.15	9.82	2.86	16.33
Hembree, H 		0	0	10.0	4.50	5	5	1	1.60	-	0.40	.372	.474	.846	5.40	4.50	9.90	1.20	17.40
Hernandez, P 		0	1	5.2	4.76	3	3	0	1.41	.000	1.17	.391	.316	.707	3.18	3.18	9.53	1.00	16.59
Heston, C 		0	0	5.1	5.06	3	3	0	1.69	-	1.20	.375	.300	.675	6.75	5.06	10.13	1.33	19.31
Hill, A 		0	0	0.0	-.--	0	0	0	-	-	-	-	-	.000	-	-	-	-	-
Hill, R 		0	0	5.1	3.38	2	2	0	2.44	-	1.00	.483	.318	.801	15.19	10.13	11.81	1.50	22.13
Hill, T 		0	1	9.0	9.00	9	9	0	2.11	.000	1.71	.477	.538	1.016	5.00	3.00	16.00	1.67	17.22
Hudson, D 		0	1	2.2	13.50	4	4	0	1.50	.000	0.75	.308	.462	.769	6.75	0.00	13.50	-	18.37
Irwin, P 		0	1	4.0	6.75	3	3	1	2.00	.000	0.80	.450	.529	.979	4.50	4.50	13.50	1.00	20.75
Jaime, J 		0	0	12.1	5.84	8	8	1	1.86	-	0.82	.400	.400	.800	13.14	6.57	10.22	2.00	22.46
Jennings, D 		0	2	40.1	1.34	11	6	3	1.54	.000	1.16	.344	.394	.738	8.48	3.79	10.04	2.24	17.70
Jepsen, K 		0	2	65.0	2.63	19	19	4	1.05	.000	1.35	.269	.278	.547	10.38	3.18	6.23	3.26	16.29
Jimenez, C 		0	0	16.0	1.69	3	3	1	1.31	-	0.50	.323	.316	.639	4.50	3.94	7.88	1.14	16.25
Johnson, K 		0	1	13.1	4.73	7	7	2	1.95	.000	1.89	.413	.481	.894	8.10	6.08	11.48	1.33	19.05
Jokisch, E 		0	0	14.1	1.88	6	3	3	1.53	-	1.83	.333	.484	.817	6.28	2.51	11.30	2.50	17.37
Jones, N 		0	0	0.0	-.--	4	4	0	-	-	-	1.000	1.500	2.500	-	-	-	0.00	-
Jordan, T 		0	3	25.2	5.61	20	16	3	1.64	.000	1.86	.361	.482	.842	5.96	2.81	11.92	2.13	16.71
Joseph, D 		0	0	0.2	81.00	6	6	1	9.00	-	-	.750	1.286	2.036	27.00	13.50	67.50	2.00	45.00
Jurrjens, J 		0	1	9.1	10.61	11	11	4	2.46	.000	1.13	.480	.783	1.263	8.68	2.89	19.29	3.00	20.89
Kickham, M 		0	0	2.0	22.50	5	5	1	4.50	-	5.00	.563	.733	1.296	4.50	4.50	36.00	1.00	26.50
Kimbrel, C 		0	3	61.2	1.61	13	11	2	0.91	.000	0.84	.242	.189	.430	13.86	3.79	4.38	3.65	16.98
Kirkman, M 		0	1	5.2	1.59	1	1	0	1.06	.000	2.67	.364	.368	.732	4.76	1.59	7.94	3.00	14.12
Knebel, C 		0	0	8.2	6.23	7	6	0	1.62	-	1.00	.359	.417	.776	11.42	3.12	11.42	3.67	19.73
Korecky, B 		0	0	3.1	8.10	3	3	0	1.50	-	1.33	.357	.385	.742	5.40	2.70	10.80	2.00	17.40
Krol, I 		0	0	32.2	4.96	23	18	6	1.68	-	1.16	.370	.536	.906	7.71	3.58	11.57	2.15	18.70
LaFromboise, B 		0	0	3.2	2.45	1	1	1	0.82	-	0.40	.214	.500	.714	9.82	0.00	7.36	-	14.45
Lane, J 		0	1	10.1	0.87	1	1	1	0.68	.000	1.00	.179	.282	.462	5.23	0.00	6.10	-	13.65
Leesman, C 		0	1	2.2	20.25	6	6	1	3.75	.000	0.40	.588	1.067	1.655	0.00	3.38	30.38	0.00	27.37
Leroux, C 		0	1	2.0	22.50	5	5	0	4.50	.000	0.50	.600	.615	1.215	13.50	9.00	31.50	1.50	28.00
Lincoln, B 		0	0	2.1	11.57	3	3	1	2.14	-	0.25	.462	.917	1.378	7.71	0.00	19.29	-	21.86
Lindblom, J 		0	0	4.2	3.86	2	2	1	1.50	-	0.09	.364	.474	.837	3.86	3.86	9.64	1.00	18.00
Lopez, W 		0	0	6.1	11.37	8	8	3	2.84	-	1.33	.500	.829	1.329	5.68	0.00	25.58	-	18.16
Lowe, M 		0	1	7.0	3.86	7	3	2	2.29	.000	0.70	.410	.625	1.035	7.71	7.71	12.86	1.00	20.57
Luetge, L 		0	0	9.0	5.00	5	5	3	1.22	-	1.00	.289	.455	.744	7.00	5.00	6.00	1.40	15.22
Lyons, T 		0	4	36.2	4.42	23	18	4	1.20	.000	1.03	.299	.379	.677	8.84	2.70	8.10	3.27	14.59
Maldonado, M 		0	0	1.0	0.00	0	0	0	1.00	-	0.50	.250	.250	.500	0.00	0.00	9.00	-	15.00
Marks, J 		0	0	2.0	13.50	3	3	0	3.50	-	0.00	.538	.600	1.138	9.00	13.50	18.00	0.67	27.50
Marmol, C 		0	3	13.1	8.10	12	12	3	1.95	.000	0.92	.409	.491	.900	9.45	6.75	10.80	1.40	20.18
Maronde, N 		0	0	6.1	12.79	9	9	0	3.00	-	0.57	.526	.679	1.205	9.95	9.95	17.05	1.00	25.11
Marshall, S 		0	0	14.0	7.71	14	12	1	2.50	-	2.63	.468	.492	.961	9.00	7.71	14.79	1.17	21.29
Martin, C 		0	0	15.2	6.89	12	12	2	1.66	-	2.63	.377	.538	.915	8.04	2.30	12.64	3.50	16.15
Martin, E 		0	0	4.0	4.50	2	2	1	1.00	-	0.29	.235	.286	.521	9.00	6.75	2.25	1.33	17.25
Martinez, D 		0	0	7.0	5.14	4	4	1	1.00	-	0.88	.250	.423	.673	7.71	2.57	6.43	3.00	15.86
Mattheus, R 		0	0	8.2	1.04	1	1	0	1.27	-	1.11	.343	.333	.676	4.15	4.15	7.27	1.00	13.96
Mazzaro, V 		0	0	10.1	3.48	4	4	2	1.26	-	0.92	.311	.385	.696	6.10	4.35	6.97	1.40	18.87
McCoy, P 		0	0	14.0	3.86	6	6	0	2.43	-	1.64	.459	.443	.902	7.07	8.36	13.50	0.85	18.14
McCutchen, D 		0	0	2.1	7.71	3	2	1	2.57	-	1.00	.429	.667	1.095	0.00	7.71	15.43	0.00	21.00
Meek, E 		0	4	23.1	5.79	16	15	3	1.59	.000	1.36	.379	.433	.812	6.17	4.24	10.03	1.45	17.53
Mendez, R 		0	1	33.0	2.18	8	8	2	1.12	.000	0.79	.287	.270	.556	6.00	4.64	5.45	1.29	16.73
Mercedes, M 		0	0	2.0	0.00	0	0	0	0.00	-	3.00	.000	.000	.000	9.00	0.00	0.00	-	11.50
Miller, J 		0	0	2.2	20.25	6	6	3	3.38	-	0.25	.563	1.214	1.777	6.75	6.75	23.63	1.00	23.62
Mitchell, B 		0	1	11.0	2.45	3	3	0	1.18	.000	1.88	.341	.410	.751	5.73	2.45	8.18	2.33	14.27
Moore, M 		0	2	10.0	2.70	3	3	1	1.50	.000	1.56	.341	.436	.777	5.40	4.50	9.00	1.20	18.40
Moreland, M 		0	0	1.0	0.00	0	0	0	0.00	-	0.50	.000	.000	.000	0.00	0.00	0.00	-	15.00
Nolin, S 		0	0	1.0	9.00	1	1	1	1.00	-	0.50	.250	1.000	1.250	0.00	0.00	9.00	-	18.00
Norris, D 		0	0	6.2	5.40	4	4	1	1.50	-	0.60	.333	.333	.667	5.40	6.75	6.75	0.80	20.70
O'Sullivan, S 		0	1	12.2	6.39	9	9	3	1.34	.000	0.87	.333	.510	.844	4.97	1.42	10.66	3.50	15.16
Oliveros, L 		0	1	6.1	7.11	5	5	2	1.42	.000	0.63	.333	.609	.942	7.11	4.26	8.53	1.67	19.42
Ortega, J 		0	1	1.1	27.00	4	4	0	3.00	.000	2.00	.625	.000	.625	6.75	27.00	0.00	0.25	27.00
Overbay, L 		0	0	0.1	0.00	0	0	0	0.00	-	0.00	.000	.000	.000	0.00	0.00	0.00	-	18.00
Owens, R 		0	1	5.2	7.94	5	5	1	1.94	.000	0.60	.414	.560	.974	1.59	3.18	14.29	0.50	16.06
Parnell, B 		0	0	1.0	9.00	1	1	0	3.00	-	0.00	.500	.600	1.100	9.00	9.00	18.00	1.00	25.00
Parra, M 		0	3	36.2	4.66	20	19	4	1.55	.000	1.57	.363	.418	.781	8.35	4.42	9.57	1.89	17.15
Paterson, J 		0	0	1.1	33.75	5	5	0	3.75	-	0.33	.600	1.000	1.600	0.00	6.75	27.00	0.00	25.50
Patterson, R 		0	0	4.2	1.93	1	1	0	1.07	-	1.60	.263	.133	.396	1.93	5.79	3.86	0.33	18.64
Patton, T 		0	1	14.0	5.14	8	8	2	1.50	.000	1.42	.333	.448	.782	8.36	3.21	10.29	2.60	16.79
Paulino, F 		0	2	18.1	11.29	24	23	6	2.56	.000	1.05	.466	.667	1.133	6.87	5.89	17.18	1.17	22.75
Pelfrey, M 		0	3	23.2	7.99	23	21	5	1.99	.000	0.94	.419	.505	.924	3.80	6.85	11.03	0.56	19.31
Pestano, V 		0	1	18.2	2.89	8	6	3	1.23	.000	0.61	.295	.431	.725	12.54	2.41	8.68	5.20	17.41
Pettibone, J 		0	1	9.0	9.00	10	9	2	2.22	.000	1.63	.435	.581	1.016	6.00	3.00	17.00	2.00	19.22
Price, B 		0	0	2.2	20.25	6	6	3	3.38	-	0.75	.579	1.188	1.766	3.38	3.38	27.00	1.00	25.87
Pryor, S 		0	0	1.2	0.00	1	0	0	1.80	-	1.00	.375	.200	.575	5.40	10.80	5.40	0.50	21.00
Putkonen, L 		0	0	2.2	27.00	8	8	2	3.00	-	1.67	.500	1.000	1.500	3.38	6.75	20.25	0.50	22.12
Ramirez, J 		0	2	10.0	5.40	6	6	2	1.80	.000	0.12	.408	.500	.908	9.00	6.30	9.90	1.43	20.40
Ramirez, R 		0	0	1.0	0.00	0	0	0	1.00	-	-	.250	.000	.250	18.00	9.00	0.00	2.00	15.00
Rasmussen, R 		0	0	11.1	3.18	4	4	1	1.32	-	1.00	.340	.293	.633	10.32	5.56	6.35	1.86	16.15
Reed, E 		0	1	32.1	4.18	19	15	2	1.58	.000	1.50	.372	.403	.776	7.24	3.34	10.86	2.17	18.03
Riefenhauser, C 		0	0	5.1	8.44	5	5	0	1.69	-	0.63	.375	.333	.708	3.38	5.06	10.13	0.67	18.56
Rodriguez, H 		0	0	1.2	10.80	2	2	0	4.20	-	0.50	.636	.500	1.136	5.40	27.00	10.80	0.20	34.20
Rodriguez, W 		0	2	26.2	6.75	25	20	10	1.69	.000	1.22	.366	.693	1.059	6.75	2.70	12.49	2.50	17.14
Rodriguez, W 		0	0	2.0	0.00	0	0	0	1.00	-	0.00	.286	.167	.452	4.50	4.50	4.50	1.00	16.50
Roe, C 		0	0	2.0	9.00	3	2	0	3.00	-	0.50	.462	.778	1.239	18.00	13.50	13.50	1.33	23.00
Romine, A 		0	0	1.0	27.00	3	3	2	4.00	-	0.00	.571	1.571	2.143	9.00	0.00	36.00	-	27.00
Rondon, J 		0	0	1.0	0.00	0	0	0	1.00	-	2.00	.250	.000	.250	0.00	9.00	0.00	0.00	15.00
Rowen, B 		0	0	8.2	4.15	4	4	0	1.62	-	3.50	.368	.375	.743	7.27	4.15	10.38	1.75	16.73
Rowland-Smith, R 		0	0	7.1	4.91	5	4	0	1.50	-	0.44	.344	.308	.651	11.05	4.91	8.59	2.25	19.50
Rucinski, D 		0	0	7.1	4.91	4	4	0	1.50	-	0.75	.353	.355	.708	9.82	2.45	11.05	4.00	17.18
Rusin, C 		0	0	12.2	7.11	10	10	1	1.66	-	1.23	.368	.462	.830	5.68	3.55	11.37	1.60	15.39
Russell, J 		0	2	57.2	2.97	20	19	3	1.13	.000	0.83	.286	.297	.582	6.55	3.12	7.02	2.10	16.04
Rzepczynski, M 		0	3	46.0	2.74	19	14	1	1.33	.000	1.87	.328	.327	.656	9.00	3.72	8.22	2.42	16.26
Sadler, C 		0	1	10.1	7.84	9	9	0	1.65	.000	1.40	.367	.415	.782	6.10	4.35	10.45	1.40	15.58
Santos, S 		0	3	21.0	8.57	22	20	5	2.19	.000	1.21	.434	.628	1.062	12.43	7.71	12.00	1.61	19.62
Saunders, J 		0	5	43.0	6.70	37	32	9	2.07	.000	1.06	.423	.575	.999	4.81	5.02	13.60	0.96	19.70
Savery, J 		0	0	4.0	0.00	0	0	0	1.00	-	1.20	.267	.214	.481	0.00	2.25	6.75	0.00	10.75
Scheppers, T 		0	1	23.0	9.00	24	23	6	1.78	.000	1.50	.396	.526	.922	6.65	3.91	12.13	1.70	18.09
Schlosser, G 		0	1	17.2	7.64	16	15	2	1.64	.000	0.87	.380	.514	.894	4.08	3.06	11.72	1.33	17.21
Schultz, B 		0	1	8.0	7.88	7	7	1	1.75	.000	1.13	.389	.559	.948	5.63	1.13	14.63	5.00	16.13
Schumaker, S 		0	0	1.0	0.00	0	0	0	1.00	-	0.50	.250	.000	.250	0.00	9.00	0.00	0.00	17.00
Shreve, C 		0	0	12.1	0.73	1	1	0	1.05	-	1.00	.265	.261	.526	10.95	2.19	7.30	5.00	16.54
Smith, C 		0	0	11.2	5.40	7	7	1	1.54	-	0.92	.360	.511	.871	6.94	2.31	11.57	3.00	16.80
Snider, T 		0	0	1.0	18.00	2	2	0	3.00	-	-	.500	.500	1.000	9.00	18.00	9.00	0.50	19.00
Snodgress, S 		0	0	2.1	15.43	7	4	1	4.71	-	0.75	.579	.688	1.266	3.86	11.57	30.86	0.33	28.71
Stinson, J 		0	0	13.0	6.23	9	9	2	1.69	-	1.21	.393	.472	.865	4.15	4.15	11.08	1.00	18.15
Stites, M 		0	0	33.0	5.73	23	21	6	1.48	-	1.18	.345	.480	.825	7.09	4.36	9.00	1.63	16.88
Thompson, A 		0	0	7.1	2.45	2	2	0	1.36	-	0.50	.323	.393	.715	7.36	2.45	9.82	3.00	13.91
Thompson, T 		0	0	5.1	10.13	6	6	1	2.44	-	1.00	.500	.609	1.109	6.75	6.75	15.19	1.00	21.00
Tolleson, S 		0	0	1.0	0.00	0	0	0	1.00	-	0.00	.250	.500	.750	9.00	0.00	9.00	-	13.00
Tonkin, M 		0	0	19.0	4.74	13	10	2	1.53	-	1.05	.369	.453	.822	7.58	2.84	10.89	2.67	17.47
Tuivailala, S 		0	0	1.0	36.00	4	4	2	7.00	-	0.00	.700	1.375	2.075	9.00	18.00	45.00	0.50	42.00
Valdes, R 		0	0	3.2	12.27	5	5	2	2.18	-	0.00	.421	.813	1.234	9.82	7.36	12.27	1.33	21.00
Veal, D 		0	0	6.0	7.50	5	5	0	2.17	-	0.71	.438	.391	.829	9.00	10.50	9.00	0.86	21.83
VerHagen, D 		0	1	5.0	5.40	3	3	0	1.60	.000	1.00	.400	.353	.753	7.20	5.40	9.00	1.33	16.40
Villarreal, P 		0	2	14.2	4.30	7	7	1	1.23	.000	0.63	.306	.321	.627	7.36	4.30	6.75	1.71	14.80
Vizcaino, A 		0	0	5.0	5.40	3	3	1	1.60	-	0.67	.364	.474	.837	7.20	5.40	9.00	1.33	19.40
Wagner, N 		0	0	10.0	8.10	9	9	1	1.60	-	0.44	.347	.535	.882	5.40	3.60	10.80	1.50	21.60
Walden, J 		0	2	50.0	2.88	17	16	2	1.20	.000	0.84	.293	.249	.541	11.16	4.86	5.94	2.30	17.34
Wall, J 		0	0	1.0	54.00	6	6	0	8.00	-	0.00	.727	.857	1.584	0.00	27.00	45.00	0.00	43.00
Wang, W 		0	0	17.1	10.90	23	21	6	2.19	-	0.82	.424	.699	1.123	6.75	4.15	15.58	1.63	20.60
West, M 		0	0	4.0	6.75	3	3	0	1.75	-	1.00	.389	.412	.801	6.75	2.25	13.50	3.00	17.25
Whelan, K 		0	0	1.1	13.50	2	2	2	3.75	-	0.50	.556	1.286	1.841	6.75	13.50	20.25	0.50	28.50
Withrow, C 		0	0	21.1	2.95	8	7	1	1.31	-	1.06	.322	.229	.551	11.81	7.59	4.22	1.56	18.05
Wood, B 		0	1	6.1	7.11	5	5	0	1.74	.000	1.20	.400	.273	.673	9.95	9.95	5.68	1.00	19.74
Worth, D 		0	0	2.0	4.50	1	1	0	2.00	-	3.00	.400	.600	1.000	9.00	0.00	18.00	-	18.00
Wright, S 		0	1	21.0	2.57	8	6	2	1.19	.000	2.55	.291	.341	.632	9.43	1.71	9.00	5.50	16.48
Wright, W 		0	3	48.1	3.17	19	17	2	1.39	.000	1.51	.333	.333	.667	6.89	3.54	8.94	1.95	15.97
Yates, K 		0	2	36.0	3.75	16	15	4	1.33	.000	0.54	.327	.372	.699	10.50	3.75	8.25	2.80	19.17
Zeid, J 		0	0	20.2	6.97	18	16	6	1.79	-	1.21	.392	.621	1.012	7.84	3.05	13.06	2.57	18.29
