Arrieta, J 		22	6	1.77	229.0	150	52	45	10	48	236	.185	0.86
Keuchel, D 		20	8	2.48	232.0	185	68	64	17	51	216	.217	1.02
Cole, G 		19	8	2.60	208.0	183	71	60	11	44	202	.239	1.09
Greinke, Z 		19	3	1.66	222.2	148	43	41	14	40	200	.187	0.84
McHugh, C 		19	7	3.89	203.2	207	89	88	19	53	171	.263	1.28
Bumgarner, M 		18	9	2.93	218.1	181	73	71	21	39	234	.222	1.01
Hernandez, F 		18	9	3.53	201.2	180	80	79	23	58	191	.240	1.18
Price, D 		18	5	2.45	220.1	190	70	60	17	47	225	.230	1.08
Lewis, C 		17	9	4.66	204.2	211	114	106	26	42	142	.266	1.24
Wacha, M 		17	7	3.38	181.1	162	74	68	19	58	153	.236	1.21
Kershaw, C 		16	7	2.13	232.2	163	62	55	15	42	301	.194	0.88
Buehrle, M 		15	8	3.81	198.2	214	100	84	22	33	91	.279	1.24
Richards, G 		15	12	3.65	207.1	181	94	84	20	76	176	.236	1.24
Carrasco, C 		14	12	3.63	183.2	154	75	74	18	43	216	.228	1.07
Colon, B 		14	13	4.16	194.2	217	94	90	25	24	136	.281	1.24
De La Rosa, R 		14	9	4.67	188.2	193	103	98	32	63	150	.265	1.36
deGrom, J 		14	8	2.54	191.0	149	59	54	16	38	205	.215	0.98
Eovaldi, N 		14	3	4.20	154.1	175	72	72	10	49	121	.285	1.45
Gray, S 		14	7	2.73	208.0	166	71	63	17	59	169	.217	1.08
Martinez, C 		14	7	3.01	179.2	168	65	60	13	63	184	.250	1.29
Salazar, D 		14	10	3.45	185.0	156	79	71	23	53	195	.226	1.13
Scherzer, M 		14	12	2.79	228.2	176	74	71	27	34	276	.208	0.92
Estrada, M 		13	8	3.13	181.0	134	67	63	24	55	131	.203	1.04
Gallardo, Y 		13	11	3.42	184.1	193	76	70	15	68	121	.268	1.42
Hamels, C 		13	8	3.65	212.1	190	88	86	22	62	215	.238	1.19
Harvey, M 		13	8	2.71	189.1	156	62	57	18	37	188	.222	1.02
Hutchison, D 		13	5	5.57	150.1	179	103	93	22	44	129	.297	1.48
Lackey, J 		13	10	2.77	218.0	211	71	67	21	53	175	.256	1.21
Sale, C 		13	11	3.41	208.2	185	88	79	23	42	274	.233	1.09
Shields, J 		13	7	3.91	202.1	189	93	88	33	81	216	.248	1.33
Simon, A 		13	12	5.05	187.0	201	112	105	24	68	117	.276	1.44
Ventura, Y 		13	8	4.08	163.1	154	75	74	14	58	156	.248	1.30
Volquez, E 		13	9	3.55	200.1	190	89	79	16	72	155	.251	1.31
Zimmermann, J 		13	10	3.66	201.2	204	89	82	24	39	164	.264	1.20
Archer, C 		12	13	3.23	212.0	175	85	76	19	66	252	.220	1.14
Heston, C 		12	11	3.95	177.2	169	82	78	16	64	141	.253	1.31
Jimenez, U 		12	10	4.11	184.0	182	89	84	20	68	168	.257	1.36
Liriano, F 		12	7	3.38	186.2	155	75	70	15	70	205	.223	1.21
Lynn, L 		12	11	3.03	175.1	172	66	59	13	68	167	.258	1.37
Pineda, M 		12	10	4.37	160.2	176	83	78	21	21	156	.278	1.23
Tanaka, M 		12	7	3.51	154.0	126	66	60	25	27	139	.221	0.99
Wood, A 		12	12	3.84	189.2	198	86	81	15	59	139	.275	1.36
Bauer, T 		11	12	4.55	176.0	152	90	89	23	79	170	.232	1.31
Chen, W 		11	8	3.34	191.1	192	78	71	28	41	153	.262	1.22
Cueto, J 		11	13	3.44	212.0	194	87	81	21	46	176	.242	1.13
Dickey, R 		11	11	3.91	214.1	195	97	93	25	61	126	.244	1.19
Gibson, K 		11	11	3.84	194.2	186	88	83	18	65	145	.252	1.29
Gonzalez, G 		11	8	3.79	175.2	181	79	74	8	69	169	.269	1.42
Happ, J 		11	8	3.61	172.0	173	71	69	16	45	151	.259	1.27
Haren, D 		11	9	3.60	187.1	174	79	75	31	38	132	.245	1.13
Hughes, P 		11	9	4.40	155.1	184	76	76	29	16	94	.293	1.29
Koehler, T 		11	14	4.08	187.1	180	96	85	22	77	137	.255	1.37
Leake, M 		11	10	3.70	192.0	174	80	79	22	49	119	.243	1.16
Lester, J 		11	12	3.34	205.0	183	83	76	16	47	207	.240	1.12
Miley, W 		11	11	4.46	193.2	201	98	96	17	64	147	.265	1.37
Nelson, J 		11	13	4.11	177.1	163	89	81	18	65	148	.246	1.29
Ramirez, E 		11	6	3.75	163.1	145	73	68	16	40	126	.236	1.13
Samardzija, J 		11	13	4.96	214.0	228	122	118	29	49	163	.273	1.29
Strasburg, S 		11	7	3.46	127.1	115	56	49	14	26	155	.236	1.11
Teheran, J 		11	8	4.04	200.2	189	99	90	27	73	171	.253	1.31
Tillman, C 		11	11	4.99	173.0	176	97	96	20	64	120	.267	1.39
Walker, T 		11	8	4.56	169.2	163	92	86	25	40	157	.252	1.20
Young, C 		11	6	3.06	123.1	91	44	42	16	43	83	.202	1.09
Anderson, B 		10	9	3.69	180.1	194	82	74	18	46	116	.278	1.33
Garcia, J 		10	6	2.43	129.2	106	37	35	6	30	97	.225	1.05
Hammel, J 		10	7	3.74	170.2	158	79	71	23	40	172	.242	1.16
Kelly, J 		10	6	4.82	134.1	145	76	72	15	49	110	.276	1.44
Rodriguez, E 		10	6	3.85	121.2	120	55	52	13	37	98	.255	1.29
Ross, T 		10	12	3.26	196.0	172	78	71	9	84	212	.237	1.31
Sanchez, A 		10	10	4.99	157.0	152	89	87	29	49	138	.252	1.28
Burnett, A 		9	7	3.18	164.0	174	64	58	11	49	143	.275	1.36
De La Rosa, J 		9	7	4.17	149.0	137	73	69	17	65	134	.247	1.36
DeSclafani, A 		9	13	4.05	184.2	194	93	83	17	55	151	.273	1.35
Gonzalez, M 		9	12	4.91	144.2	151	81	79	24	51	109	.270	1.40
Hellickson, J 		9	12	4.62	146.0	151	79	75	22	43	121	.264	1.33
Iwakuma, H 		9	5	3.54	129.2	117	53	51	18	21	111	.240	1.06
Jungmann, T 		9	8	3.77	119.1	106	55	50	11	47	107	.241	1.28
Kennedy, I 		9	15	4.28	168.1	166	95	80	31	52	174	.258	1.30
Kluber, C 		9	16	3.49	222.0	189	92	86	22	45	245	.231	1.05
Milone, T 		9	5	3.92	128.2	128	64	56	17	36	91	.260	1.27
Morton, C 		9	9	4.81	129.0	137	77	69	13	41	96	.271	1.38
Niese, J 		9	10	4.13	176.2	192	93	81	20	55	113	.280	1.40
Odorizzi, J 		9	9	3.35	169.1	149	65	63	18	46	150	.231	1.15
Porcello, R 		9	15	4.92	172.0	196	103	94	25	38	149	.287	1.36
Quintana, J 		9	10	3.36	206.1	218	81	77	16	44	177	.272	1.27
Rodon, C 		9	6	3.75	139.1	130	63	58	11	71	139	.251	1.44
Santiago, H 		9	9	3.59	180.2	156	80	72	29	71	162	.227	1.26
Syndergaard, N 		9	7	3.24	150.0	126	60	54	19	31	166	.225	1.05
Vogelsong, R 		9	11	4.67	135.0	140	76	70	17	58	108	.265	1.47
Bettis, C 		8	6	4.23	115.0	120	56	54	11	42	98	.268	1.41
Colome, A 		8	5	3.94	109.2	112	50	48	9	31	88	.271	1.30
Davis, W 		8	1	0.94	67.1	33	8	7	3	20	78	.144	0.79
Delgado, R 		8	4	3.25	72.0	63	28	26	7	33	73	.234	1.33
Guthrie, J 		8	8	5.95	148.1	186	101	98	29	44	84	.310	1.55
Hendricks, K 		8	7	3.95	180.0	166	82	79	17	43	167	.244	1.16
Hoover, J 		8	2	2.94	64.1	44	24	21	7	31	52	.196	1.17
Hudson, T 		8	9	4.44	123.2	134	62	61	13	37	64	.282	1.38
Locke, J 		8	11	4.49	168.1	179	95	84	15	60	129	.274	1.42
May, T 		8	9	4.00	114.2	127	53	51	11	26	110	.279	1.33
Motte, J 		8	1	3.91	48.1	48	21	21	4	11	34	.255	1.22
Peavy, J 		8	6	3.58	110.2	99	45	44	12	25	78	.239	1.12
Wilson, C 		8	8	3.89	132.0	118	59	57	13	46	110	.240	1.24
Wisler, M 		8	8	4.71	109.0	119	59	57	16	40	72	.280	1.46
Anderson, C 		7	3	3.05	91.1	77	32	31	9	24	44	.231	1.11
Blanton, J 		7	2	2.84	76.0	69	26	24	7	16	79	.240	1.12
Buchholz, C 		7	7	3.26	113.1	114	48	41	6	23	107	.260	1.21
Chavez, J 		7	15	4.18	157.0	164	78	73	18	48	136	.268	1.35
Danks, J 		7	15	4.71	177.2	195	104	93	24	56	124	.281	1.41
Duffy, D 		7	8	4.08	136.2	137	64	62	15	53	102	.264	1.39
Fiers, M 		7	10	3.69	180.1	162	83	74	24	64	180	.238	1.25
Gregerson, L 		7	3	3.10	61.0	48	24	21	5	10	59	.213	0.95
Karns, N 		7	5	3.67	147.0	132	62	60	19	56	145	.239	1.28
Kazmir, S 		7	11	3.10	183.0	162	77	63	20	59	155	.237	1.21
Kela, K 		7	5	2.39	60.1	52	18	16	4	18	68	.232	1.16
Kendrick, K 		7	13	6.32	142.1	172	102	100	33	45	80	.302	1.52
Lincecum, T 		7	4	4.13	76.1	75	37	35	7	38	60	.260	1.48
Martinez, N 		7	7	3.96	125.0	135	66	55	16	46	77	.274	1.45
Maurer, B 		7	4	3.00	51.0	39	19	17	3	15	39	.209	1.06
Perez, W 		7	6	4.78	116.2	130	66	62	13	51	73	.291	1.55
Rodney, F 		7	5	4.74	62.2	59	36	33	9	29	58	.248	1.40
Sanchez, A 		7	6	3.22	92.1	74	35	33	9	44	61	.224	1.28
Santana, E 		7	5	4.00	108.0	104	50	48	12	36	82	.253	1.30
Shoemaker, M 		7	10	4.46	135.1	135	70	67	24	35	116	.259	1.26
Siegrist, K 		7	1	2.17	74.2	53	20	18	4	34	90	.198	1.17
Smith, W 		7	2	2.70	63.1	52	23	19	5	24	91	.220	1.20
Tomlin, J 		7	2	3.02	65.2	47	22	22	13	8	57	.195	0.84
Warren, A 		7	7	3.29	131.1	114	51	48	10	39	104	.236	1.16
Weaver, J 		7	12	4.64	159.0	163	84	82	24	33	90	.264	1.23
Anderson, C 		6	6	4.30	152.2	158	75	73	18	40	111	.272	1.30
Benoit, J 		6	5	2.34	65.1	36	17	17	7	23	63	.159	0.90
Betances, D 		6	4	1.50	84.0	45	17	14	6	40	131	.157	1.01
Bolsinger, M 		6	6	3.62	109.1	104	49	44	11	45	98	.251	1.36
Cashner, A 		6	16	4.34	184.2	200	111	89	19	66	165	.279	1.44
Corbin, P 		6	5	3.60	85.0	91	34	34	9	17	78	.272	1.27
Fernandez, J 		6	1	2.92	64.2	61	21	21	4	14	79	.249	1.16
Garza, M 		6	14	5.63	148.2	176	102	93	23	57	104	.294	1.57
Giles, K 		6	3	1.80	70.0	59	23	14	2	25	87	.219	1.20
Graveman, K 		6	9	4.05	115.2	126	57	52	15	38	77	.276	1.42
Hahn, J 		6	6	3.35	96.2	88	46	36	5	25	64	.238	1.17
Harang, A 		6	15	4.86	172.1	189	100	93	26	51	108	.278	1.39
Heaney, A 		6	4	3.49	105.2	99	41	41	9	28	78	.248	1.20
Howell, J 		6	1	1.43	44.0	47	9	7	3	14	39	.272	1.39
McCullers, L 		6	7	3.22	125.2	106	49	45	10	43	129	.226	1.19
Medlen, K 		6	2	4.01	58.1	56	30	26	6	18	40	.252	1.27
Miller, S 		6	17	3.02	205.1	183	82	69	13	73	171	.238	1.25
Nola, A 		6	2	3.59	77.2	74	31	31	11	19	68	.251	1.20
Nova, I 		6	11	5.07	94.0	99	54	53	13	33	63	.269	1.40
O'Day, D 		6	2	1.52	65.1	47	13	11	5	14	82	.198	0.93
Pelfrey, M 		6	11	4.26	164.2	198	86	78	11	45	86	.304	1.48
Robertson, D 		6	5	3.41	63.1	46	27	24	7	13	86	.196	0.93
Rodriguez, W 		6	4	4.90	86.1	99	48	47	10	36	72	.285	1.56
Rondon, H 		6	4	1.67	70.0	55	19	13	4	15	69	.212	1.00
Rusin, C 		6	10	5.33	131.2	170	88	78	19	41	86	.310	1.60
Sabathia, C 		6	10	4.73	167.1	188	92	88	28	50	137	.285	1.42
Shreve, C 		6	2	3.09	58.1	49	21	20	10	33	64	.228	1.41
Tolleson, S 		6	4	2.99	72.1	66	25	24	9	17	76	.239	1.15
Blazek, M 		5	3	2.43	55.2	40	17	15	3	18	47	.200	1.04
Brach, B 		5	3	2.72	79.1	57	25	24	7	38	89	.203	1.20
Caminero, A 		5	1	3.62	74.2	63	31	30	7	29	73	.224	1.23
Cecil, B 		5	5	2.48	54.1	39	17	15	4	13	70	.197	0.96
Chafin, A 		5	1	2.76	75.0	56	23	23	3	30	58	.207	1.15
Clippard, T 		5	4	2.92	71.0	49	25	23	8	31	64	.186	1.13
Despaigne, O 		5	9	5.80	125.2	142	82	81	17	32	69	.287	1.38
Duffey, T 		5	1	3.10	58.0	56	20	20	4	20	53	.256	1.31
Dyson, S 		5	4	2.63	75.1	65	26	22	4	21	71	.233	1.14
Elias, R 		5	8	4.14	115.1	106	57	53	15	44	97	.245	1.30
Feldman, S 		5	5	3.90	108.1	115	49	47	13	27	61	.275	1.31
Finnegan, B 		5	2	3.56	48.0	37	19	19	8	21	45	.216	1.21
Fister, D 		5	7	4.19	103.0	120	56	48	14	24	63	.295	1.40
Frias, C 		5	5	4.06	77.2	88	38	35	7	26	43	.297	1.47
Godley, Z 		5	1	3.19	36.2	29	13	13	4	17	34	.227	1.25
Hale, D 		5	5	6.09	78.1	95	56	53	14	20	61	.298	1.47
Hardy, B 		5	3	3.08	61.1	61	23	21	2	22	55	.260	1.35
Harris, W 		5	5	1.90	71.0	42	18	15	8	22	68	.168	0.90
Hendriks, L 		5	0	2.92	64.2	59	23	21	3	11	71	.240	1.08
Jeffress, J 		5	0	2.65	68.0	64	22	20	5	22	67	.249	1.26
Lohse, K 		5	13	5.85	152.1	180	99	99	29	43	108	.297	1.46
Morgan, A 		5	7	4.48	84.1	88	45	42	14	17	49	.269	1.25
Morris, B 		5	4	3.14	63.0	67	26	22	3	26	47	.275	1.48
Nicolino, J 		5	4	4.01	74.0	72	33	33	8	20	23	.267	1.24
Nolasco, R 		5	2	6.75	37.1	50	31	28	3	14	35	.321	1.71
Peralta, W 		5	10	4.80	108.2	130	61	58	14	37	60	.302	1.54
Pomeranz, D 		5	6	3.66	86.0	71	44	35	8	31	82	.226	1.19
Ray, R 		5	12	3.52	127.2	121	56	50	9	49	119	.255	1.33
Ross, J 		5	5	3.64	76.2	64	33	31	7	21	69	.223	1.11
Salas, F 		5	2	4.24	63.2	61	34	30	8	12	74	.249	1.15
Severino, L 		5	3	2.89	62.1	53	21	20	9	22	56	.229	1.20
Smith, J 		5	5	3.58	65.1	64	26	26	4	19	57	.259	1.27
Smyly, D 		5	2	3.11	66.2	58	24	23	11	20	77	.230	1.17
Torres, C 		5	6	4.68	57.2	61	32	30	5	18	48	.276	1.37
Vargas, J 		5	2	3.98	43.0	46	20	19	5	12	27	.271	1.35
Verlander, J 		5	8	3.38	133.1	113	56	50	13	32	113	.229	1.09
Wilson, J 		5	0	3.10	61.0	49	21	21	3	20	66	.223	1.13
Wood, T 		5	4	3.84	100.2	86	48	43	11	39	118	.229	1.24
Wright, S 		5	4	4.09	72.2	67	38	33	12	27	52	.239	1.29
Alburquerque, A 		4	1	4.21	62.0	63	29	29	4	33	58	.269	1.55
Alvarez, J 		4	3	3.49	67.0	58	29	26	5	23	59	.228	1.21
Axford, J 		4	5	4.20	55.2	56	27	26	4	32	62	.259	1.58
Baez, P 		4	2	3.35	51.0	47	22	19	4	11	60	.247	1.14
Bastardo, A 		4	1	2.98	57.1	39	19	19	4	26	64	.188	1.13
Boxberger, B 		4	10	3.71	63.0	54	29	26	9	32	74	.231	1.37
Britton, Z 		4	1	1.92	65.2	51	16	14	3	14	79	.214	0.99
Broxton, J 		4	5	4.62	60.1	61	32	31	7	22	63	.266	1.38
Casilla, S 		4	2	2.79	58.0	51	19	18	6	23	62	.236	1.28
Cedeno, X 		4	1	2.35	46.0	40	13	12	4	14	47	.231	1.17
Chapman, A 		4	4	1.63	66.1	43	13	12	3	33	116	.181	1.15
Collmenter, J 		4	6	3.79	121.0	129	53	51	18	24	63	.277	1.26
Conley, A 		4	1	3.76	67.0	65	28	28	7	21	59	.258	1.28
Duensing, B 		4	1	4.25	48.2	46	24	23	5	21	24	.254	1.38
Fields, J 		4	1	3.55	50.2	39	20	20	2	19	67	.210	1.14
Fien, C 		4	6	3.55	63.1	61	26	25	6	8	41	.250	1.09
Foltynewicz, M 		4	6	5.71	86.2	112	63	55	17	29	77	.313	1.63
Garcia, L 		4	6	3.51	66.2	72	28	26	4	37	63	.275	1.64
Gausman, K 		4	7	4.25	112.1	109	56	53	17	29	103	.251	1.23
Gonzalez, C 		4	6	3.90	67.0	49	33	29	6	32	30	.202	1.21
Gott, T 		4	2	3.02	47.2	43	18	16	2	16	27	.242	1.24
Greene, S 		4	8	6.88	83.2	103	67	64	13	27	50	.308	1.55
Hand, B 		4	7	5.30	93.1	107	55	55	9	32	67	.292	1.49
Herrera, K 		4	3	2.71	69.2	52	23	21	5	26	64	.206	1.12
Holland, D 		4	3	4.91	58.2	59	32	32	11	17	41	.269	1.30
Hudson, D 		4	3	3.86	67.2	64	34	29	7	25	71	.245	1.32
Hunter, T 		4	2	4.18	60.1	61	29	28	7	14	47	.265	1.24
Jackson, E 		4	3	3.07	55.2	44	25	19	4	21	40	.218	1.17
Kimbrel, C 		4	2	2.58	59.1	40	19	17	6	22	87	.185	1.04
Kontos, G 		4	4	2.33	73.1	57	20	19	9	12	44	.213	0.94
Latos, M 		4	10	4.95	116.1	120	67	64	13	32	100	.267	1.31
Lorenzen, M 		4	9	5.40	113.1	131	70	68	18	57	83	.292	1.66
Maness, S 		4	2	4.26	63.1	77	35	30	7	13	46	.307	1.42
Masterson, J 		4	2	5.61	59.1	68	38	37	7	27	49	.289	1.60
Matz, S 		4	0	2.27	35.2	34	9	9	4	10	34	.250	1.23
McAllister, Z 		4	4	3.00	69.0	70	28	23	7	23	84	.258	1.35
Montgomery, M 		4	6	4.60	90.0	92	49	46	11	37	64	.261	1.43
Morales, F 		4	2	3.18	62.1	58	24	22	4	14	41	.246	1.16
Morin, M 		4	2	6.37	35.1	36	28	25	3	9	41	.265	1.27
Owens, H 		4	4	4.57	63.0	62	35	32	7	24	50	.255	1.37
Papelbon, J 		4	3	2.13	63.1	53	22	15	7	12	56	.225	1.03
Petricka, J 		4	3	3.63	52.0	56	21	21	2	18	33	.284	1.42
Phelps, D 		4	8	4.50	112.0	119	59	56	11	33	77	.272	1.36
Richard, C 		4	2	3.83	42.1	47	18	18	3	7	22	.272	1.28
Roark, T 		4	7	4.38	111.0	119	55	54	17	26	70	.279	1.31
Robles, H 		4	3	3.67	54.0	37	27	22	8	18	61	.190	1.02
Rodriguez, F 		4	2	3.84	58.2	43	27	25	4	24	65	.200	1.14
Roe, C 		4	2	4.14	41.1	44	19	19	4	17	38	.280	1.48
Scheppers, T 		4	1	5.63	38.1	37	25	24	6	23	32	.250	1.57
Socolovich, M 		4	1	1.82	29.2	25	7	6	1	10	27	.221	1.18
Stroman, M 		4	0	1.67	27.0	20	5	5	2	6	18	.208	0.96
Villanueva, C 		4	3	2.95	61.0	50	21	20	6	21	55	.223	1.16
Watson, T 		4	1	1.91	75.1	55	17	16	3	17	62	.205	0.96
Williams, J 		4	12	5.80	121.0	161	83	78	22	34	74	.317	1.61
Worley, V 		4	6	4.02	71.2	81	36	32	6	21	49	.287	1.42
Andriese, M 		3	5	4.11	65.2	69	32	30	8	18	49	.267	1.32
Barnes, M 		3	4	5.44	43.0	56	28	26	9	15	39	.311	1.65
Barrett, A 		3	3	4.60	29.1	28	15	15	1	7	35	.248	1.19
Bellatti, A 		3	1	2.31	23.1	16	7	6	4	10	18	.198	1.11
Bergman, C 		3	1	4.74	68.1	82	36	36	8	15	37	.306	1.42
Boyer, B 		3	6	2.49	65.0	62	24	18	5	19	33	.254	1.25
Brooks, A 		3	4	6.67	55.1	73	41	41	9	14	38	.322	1.57
Butler, E 		3	10	5.90	79.1	102	57	52	13	42	44	.322	1.82
Davies, Z 		3	2	3.71	34.0	26	14	14	2	15	24	.211	1.21
Doubront, F 		3	3	5.50	75.1	87	50	46	10	26	56	.298	1.50
Duke, Z 		3	6	3.41	60.2	47	26	23	9	32	66	.218	1.30
Eickhoff, J 		3	3	2.65	51.0	40	16	15	5	13	49	.212	1.04
Feliz, N 		3	4	6.38	48.0	57	34	34	5	18	39	.298	1.56
Flande, Y 		3	3	4.74	68.1	73	36	36	14	25	43	.277	1.43
Garcia, Y 		3	5	3.34	56.2	44	23	21	8	10	68	.209	0.95
Gilmartin, S 		3	2	2.67	57.1	50	17	17	2	18	54	.236	1.19
Gonzalez, S 		3	3	7.92	30.2	44	27	27	5	7	28	.346	1.66
Grilli, J 		3	4	2.94	33.2	28	13	11	2	10	45	.217	1.13
Grimm, J 		3	5	1.99	49.2	31	18	11	4	26	67	.178	1.15
Hatcher, C 		3	5	3.69	39.0	35	19	16	4	13	45	.238	1.23
Hawkins, L 		3	1	3.26	38.2	44	16	14	4	7	34	.286	1.32
Hernandez, R 		3	5	4.36	84.2	90	48	41	9	26	42	.275	1.37
Holland, G 		3	2	3.83	44.2	39	20	19	2	26	49	.239	1.46
Hughes, J 		3	1	2.28	67.0	70	21	17	3	19	36	.282	1.33
Iglesias, R 		3	7	4.15	95.1	81	45	44	11	28	104	.228	1.14
Jepsen, K 		3	6	2.33	69.2	52	20	18	5	27	59	.206	1.13
Johnson, E 		3	1	3.34	35.0	32	14	13	8	17	30	.248	1.40
Lobstein, K 		3	8	5.94	63.2	78	43	42	7	23	32	.305	1.59
Lyons, T 		3	1	3.75	60.0	59	29	25	12	15	60	.252	1.23
Marcum, S 		3	2	5.40	35.0	32	21	21	9	11	30	.246	1.23
Marquis, J 		3	4	6.46	47.1	64	37	34	10	14	37	.330	1.65
McCarthy, B 		3	0	5.87	23.0	24	15	15	9	4	29	.267	1.22
Melancon, M 		3	2	2.23	76.2	57	22	19	4	14	62	.207	0.93
Miller, A 		3	2	2.04	61.2	33	16	14	5	20	100	.151	0.86
Miller, J 		3	3	4.05	33.1	21	15	15	2	11	38	.178	0.96
Moore, M 		3	4	5.43	63.0	74	40	38	9	23	46	.298	1.54
Mujica, E 		3	5	4.75	47.1	52	28	25	10	7	30	.284	1.25
Narveson, C 		3	1	4.45	30.1	24	15	15	7	9	32	.214	1.09
Neshek, P 		3	6	3.62	54.2	49	25	22	8	12	51	.240	1.12
Norris, B 		3	11	6.72	83.0	100	68	62	15	31	71	.297	1.58
Norris, D 		3	2	3.75	60.0	53	31	25	9	19	45	.236	1.20
Oberg, S 		3	4	5.09	58.1	58	35	33	10	31	44	.266	1.53
Ogando, A 		3	1	3.99	65.1	59	29	29	12	28	53	.242	1.33
Ohlendorf, R 		3	1	3.72	19.1	21	8	8	4	7	19	.273	1.45
Paxton, J 		3	4	3.90	67.0	67	34	29	8	29	56	.253	1.43
Peralta, J 		3	1	4.34	29.0	28	14	14	6	8	24	.248	1.24
Perez, M 		3	6	4.46	78.2	88	45	39	3	24	48	.285	1.42
Perkins, G 		3	5	3.32	57.0	58	21	21	9	10	54	.256	1.19
Pressly, R 		3	2	2.93	27.2	27	9	9	0	12	22	.257	1.41
Putnam, Z 		3	3	4.07	48.2	42	24	22	7	24	64	.239	1.36
Quackenbush, K 		3	2	4.01	58.1	52	28	26	6	20	58	.240	1.23
Qualls, C 		3	5	4.38	49.1	46	24	24	6	9	46	.247	1.11
Reed, A 		3	3	3.38	56.0	58	21	21	3	19	51	.262	1.38
Shaw, B 		3	3	2.95	64.0	59	24	21	8	19	54	.242	1.22
Sipp, T 		3	4	1.99	54.1	41	13	12	5	15	62	.208	1.03
Soria, J 		3	1	2.53	67.2	55	20	19	8	19	64	.222	1.09
Street, H 		3	3	3.18	62.1	52	22	22	7	20	57	.226	1.16
Strickland, H 		3	3	2.45	51.1	34	14	14	4	10	50	.190	0.86
Tropeano, N 		3	2	3.82	37.2	40	18	16	2	10	38	.270	1.33
Vizcaino, A 		3	1	1.60	33.2	27	7	6	1	13	37	.218	1.19
Wilson, A 		3	3	2.19	70.0	61	19	17	5	11	38	.238	1.03
Wright, M 		3	5	6.04	44.2	52	30	30	9	18	26	.291	1.57
Abad, F 		2	2	4.15	47.2	45	23	22	11	19	45	.251	1.34
Adams, A 		2	0	3.78	33.1	37	15	14	2	13	23	.276	1.50
Affeldt, J 		2	2	5.86	35.1	43	24	23	6	14	21	.293	1.61
Albers, M 		2	0	1.21	37.1	31	6	5	3	9	28	.228	1.07
Allen, C 		2	5	2.99	69.1	56	26	23	2	25	99	.219	1.17
Araujo, E 		2	1	3.38	34.2	29	17	13	1	19	34	.225	1.38
Avilan, L 		2	5	4.05	53.1	48	24	24	6	15	49	.239	1.18
Badenhop, B 		2	4	3.93	66.1	71	30	29	4	20	36	.273	1.37
Barraclough, K 		2	1	2.59	24.1	12	8	7	1	18	30	.154	1.23
Beimel, J 		2	1	3.99	47.1	49	25	21	8	16	22	.283	1.37
Betancourt, R 		2	4	6.18	39.1	43	29	27	4	12	40	.267	1.40
Billingsley, C 		2	3	5.84	37.0	53	26	24	5	8	15	.346	1.65
Bradley, A 		2	3	5.80	35.2	36	23	23	3	22	23	.267	1.63
Buchanan, D 		2	9	6.99	74.2	109	60	58	12	29	44	.346	1.85
Burgos, E 		2	2	4.67	27.0	27	15	14	2	15	39	.257	1.56
Cain, M 		2	4	5.79	60.2	71	39	39	12	20	41	.293	1.50
Castro, S 		2	0	6.10	10.1	11	7	7	0	5	9	.282	1.55
Chacin, J 		2	1	3.38	26.2	24	11	10	4	10	21	.240	1.28
Cishek, S 		2	6	3.58	55.1	55	26	22	4	27	48	.259	1.48
Cosart, J 		2	5	4.52	69.2	63	35	35	10	33	47	.243	1.38
Cunniff, B 		2	2	4.63	35.0	27	20	18	4	22	37	.213	1.40
Delabar, S 		2	0	5.22	29.1	28	19	17	5	14	30	.250	1.43
Diaz, J 		2	1	4.18	60.1	58	29	28	9	18	70	.253	1.26
Diekman, J 		2	1	4.01	58.1	53	28	26	5	31	69	.235	1.44
Dunn, M 		2	5	4.50	54.0	46	27	27	6	29	65	.227	1.39
Ellington, B 		2	1	2.88	25.0	17	10	8	1	13	18	.193	1.20
Familia, J 		2	2	1.85	78.0	59	16	16	6	19	86	.207	1.00
Geltz, S 		2	6	3.74	67.1	45	31	28	8	26	61	.189	1.05
Givens, M 		2	0	1.80	30.0	20	7	6	1	6	38	.185	0.87
Gomes, B 		2	6	4.27	59.0	55	28	28	10	15	44	.248	1.19
Gomez, J 		2	3	3.01	74.2	82	28	25	4	17	50	.278	1.33
Gorzelanny, T 		2	2	5.95	39.1	45	28	26	4	23	36	.292	1.73
Grace, M 		2	1	4.24	17.0	26	11	8	0	8	14	.356	2.00
Guerra, D 		2	0	6.48	16.2	26	12	12	5	3	17	.371	1.74
Harris, M 		2	1	3.67	27.0	30	14	11	4	13	15	.278	1.59
Hembree, H 		2	0	3.55	25.1	25	10	10	5	9	15	.258	1.34
Hill, R 		2	1	1.55	29.0	14	5	5	2	5	36	.141	0.66
Hinojosa, D 		2	0	0.73	24.2	15	3	2	1	11	23	.167	1.05
Jansen, K 		2	1	2.41	52.1	33	14	14	6	8	80	.176	0.78
Janssen, C 		2	5	4.95	40.0	38	22	22	5	8	27	.248	1.15
Jennings, D 		2	3	3.99	56.1	55	28	25	3	24	46	.256	1.40
Johnson, J 		2	6	4.46	66.2	77	36	33	5	20	50	.296	1.46
Jones, N 		2	2	3.32	19.0	12	7	7	5	6	27	.188	0.95
Kelley, S 		2	2	2.45	51.1	41	18	14	4	15	63	.220	1.09
Kensing, L 		2	1	5.87	15.1	12	10	10	2	7	13	.214	1.24
Krol, I 		2	3	5.79	28.0	31	19	18	4	17	26	.287	1.71
Layne, T 		2	1	3.97	47.2	41	22	21	3	27	45	.234	1.43
Liberatore, A 		2	2	4.25	29.2	26	14	14	3	9	29	.232	1.18
Loup, A 		2	5	4.46	42.1	47	24	21	6	7	46	.275	1.28
Lyles, J 		2	5	5.14	49.0	54	32	28	2	19	30	.290	1.49
Machi, J 		2	0	5.12	58.0	59	35	33	8	22	42	.258	1.40
Martin, C 		2	5	7.92	30.2	40	27	27	8	12	27	.325	1.70
Martin, R 		2	0	5.11	12.1	12	9	7	4	5	25	.245	1.38
Masset, N 		2	2	4.68	25.0	30	15	13	3	9	18	.300	1.56
Mattheus, R 		2	4	4.02	56.0	67	31	25	3	18	37	.296	1.52
Matzek, T 		2	1	4.09	22.0	21	10	10	2	19	15	.269	1.82
McFarland, T 		2	2	4.91	40.1	52	26	22	4	18	26	.306	1.74
Morrow, B 		2	0	2.73	33.0	29	10	10	3	7	23	.248	1.09
Neris, H 		2	2	3.79	40.1	38	19	17	8	10	41	.245	1.19
Oberholtzer, B 		2	2	4.46	38.1	44	21	19	4	17	27	.293	1.59
Osich, J 		2	0	2.20	28.2	24	12	7	4	8	27	.218	1.12
Otero, D 		2	4	6.75	46.2	64	35	35	7	6	28	.333	1.50
Parnell, B 		2	4	6.38	24.0	30	20	17	0	17	13	.323	1.96
Pena, A 		2	1	4.28	27.1	24	14	13	2	14	27	.238	1.39
Perez, O 		2	4	4.17	41.0	39	24	19	4	15	51	.239	1.32
Ramos, A 		2	4	2.30	70.1	45	18	18	6	26	87	.184	1.01
Ramos, C 		2	1	2.75	52.1	55	17	16	2	15	43	.279	1.34
Rasmussen, R 		2	1	9.98	15.1	26	18	17	2	8	17	.366	2.22
Ravin, J 		2	1	6.75	9.1	13	7	7	3	4	12	.310	1.82
Rea, C 		2	2	4.26	31.2	29	16	15	2	11	26	.246	1.26
Rivero, F 		2	1	2.79	48.1	35	15	15	2	11	43	.199	0.95
Rosenthal, T 		2	4	2.10	68.2	62	16	16	3	25	83	.238	1.27
Rosscup, Z 		2	1	4.39	26.2	26	13	13	5	13	29	.252	1.46
Ryan, K 		2	4	4.47	56.1	60	29	28	9	20	30	.282	1.42
Rzepczynski, M 		2	4	5.66	35.0	40	29	22	3	14	41	.292	1.54
Sampson, K 		2	6	6.54	52.1	67	43	38	7	26	42	.303	1.78
Scahill, R 		2	4	2.64	30.2	33	15	9	3	16	24	.268	1.60
Scribner, E 		2	2	4.35	60.0	58	31	29	14	4	64	.251	1.03
Smith, C 		2	5	2.31	70.0	49	19	18	2	22	92	.194	1.01
Soriano, R 		2	0	6.35	5.2	8	4	4	2	1	4	.333	1.59
Storen, D 		2	2	3.44	55.0	45	23	21	4	16	67	.220	1.11
Strop, P 		2	6	2.91	68.0	39	24	22	5	29	81	.167	1.00
Tazawa, J 		2	7	4.14	58.2	65	28	27	5	13	56	.280	1.33
Thayer, D 		2	2	4.06	37.2	37	17	17	5	15	25	.262	1.38
Thornton, M 		2	1	2.18	41.1	33	12	10	2	11	23	.212	1.06
Treinen, B 		2	5	3.86	67.2	62	32	29	4	32	65	.254	1.39
Uehara, K 		2	4	2.23	40.1	28	14	10	3	9	47	.188	0.92
Venditte, P 		2	2	4.40	28.2	22	14	14	3	12	23	.210	1.19
VerHagen, D 		2	0	2.05	26.1	18	6	6	1	14	13	.200	1.22
Wainwright, A 		2	1	1.61	28.0	25	7	5	0	4	20	.238	1.04
Wilhelmsen, T 		2	2	3.19	62.0	56	24	22	3	29	60	.246	1.37
Wilson, T 		2	2	3.50	36.0	39	14	14	1	11	13	.289	1.39
Aardsma, D 		1	1	4.70	30.2	25	17	16	6	14	35	.223	1.27
Adcock, N 		1	2	6.00	18.0	15	12	12	3	12	13	.221	1.50
Alvarez, D 		1	0	12.27	3.2	5	5	5	2	1	2	.333	1.64
Atchison, S 		1	1	6.86	19.2	23	15	15	6	4	12	.288	1.37
Balester, C 		1	1	7.47	15.2	17	13	13	3	13	13	.274	1.91
Banuelos, M 		1	4	5.13	26.1	30	17	15	4	12	19	.283	1.59
Bassitt, C 		1	8	3.56	86.0	78	36	34	5	30	64	.244	1.26
Bedrosian, C 		1	0	5.40	33.1	40	21	20	3	19	34	.303	1.77
Belisle, M 		1	1	2.67	33.2	34	10	10	1	15	25	.266	1.46
Blevins, J 		1	0	0.00	5.0	0	0	0	0	0	4	.000	0.00
Boyd, M 		1	6	7.53	57.1	71	50	48	17	20	43	.313	1.59
Brothers, R 		1	0	1.74	10.1	9	2	2	0	8	5	.243	1.65
Brown, B 		1	3	4.91	33.0	32	18	18	2	16	20	.254	1.45
Cahill, T 		1	3	5.40	43.1	44	27	26	4	16	36	.267	1.38
Capps, C 		1	0	1.16	31.0	18	5	4	2	7	58	.168	0.81
Carlyle, B 		1	0	5.63	8.0	8	5	5	0	1	6	.276	1.13
Carroll, S 		1	1	3.44	36.2	40	19	14	2	13	27	.280	1.45
Choate, R 		1	0	3.95	27.1	29	14	12	2	5	22	.279	1.24
Claudio, A 		1	1	2.87	15.2	12	6	5	4	6	13	.211	1.15
Coleman, L 		1	0	0.00	3.0	1	0	0	0	2	1	.111	1.00
Cooney, T 		1	0	3.16	31.1	28	12	11	3	10	29	.241	1.21
Copeland, S 		1	1	6.46	15.1	24	11	11	1	2	6	.369	1.70
Cotham, C 		1	0	6.52	9.2	14	7	7	4	1	11	.326	1.55
Cotts, N 		1	0	3.41	63.1	58	26	24	12	22	58	.245	1.26
Detwiler, R 		1	5	7.25	58.1	82	51	47	10	36	41	.340	2.02
Dominguez, J 		1	0	0.00	5.2	2	0	0	0	2	5	.125	0.71
Doolittle, S 		1	0	3.95	13.2	12	6	6	1	5	15	.235	1.24
Dull, R 		1	2	4.24	17.0	12	8	8	4	6	16	.203	1.06
Erlin, R 		1	2	4.76	17.0	16	9	9	1	2	10	.258	1.06
Farquhar, D 		1	8	5.12	51.0	53	33	29	9	17	48	.266	1.37
Flores, K 		1	2	4.97	12.2	16	8	7	0	4	9	.314	1.58
Francis, J 		1	2	6.14	22.0	27	16	15	3	9	21	.300	1.64
Frasor, J 		1	0	1.29	28.0	27	5	4	1	18	22	.260	1.61
Frieri, E 		1	0	4.63	23.1	20	12	12	6	11	19	.233	1.33
Furbush, C 		1	1	2.08	21.2	9	6	5	2	5	17	.122	0.65
Garcia, J 		1	0	4.25	29.2	25	19	14	3	17	22	.223	1.42
Goeddel, E 		1	1	2.43	33.1	24	9	9	1	9	34	.203	0.99
Goforth, D 		1	0	4.01	24.2	32	13	11	4	8	24	.323	1.62
Graham, J 		1	1	4.95	63.2	73	41	35	10	21	53	.287	1.48
Harrison, M 		1	2	6.75	16.0	19	12	12	3	6	5	.306	1.56
Hernandez, D 		1	5	4.28	33.2	33	18	16	6	11	33	.256	1.31
Hochevar, L 		1	1	3.73	50.2	49	23	21	7	16	49	.250	1.28
Holmberg, D 		1	4	7.62	28.1	36	24	24	10	16	15	.321	1.84
Klein, P 		1	0	6.75	17.1	23	15	13	4	10	12	.303	1.90
Laffey, A 		1	0	3.68	7.1	8	3	3	1	3	3	.296	1.50
Lamb, J 		1	5	5.80	49.2	58	32	32	8	19	58	.296	1.55
Liz, R 		1	4	4.24	23.1	26	11	11	4	12	27	.286	1.63
Loewen, A 		1	0	6.98	19.1	20	15	15	3	17	22	.282	1.91
Lopez, J 		1	0	1.60	39.1	19	8	7	1	16	26	.145	0.89
Lopez, J 		1	1	5.40	10.0	14	6	6	0	5	10	.350	1.90
Lowe, M 		1	3	1.96	55.0	46	15	12	4	12	61	.231	1.05
Madson, R 		1	2	2.13	63.1	47	17	15	5	14	58	.205	0.96
Manship, J 		1	0	0.92	39.1	20	4	4	1	10	33	.155	0.76
Mateo, M 		1	1	4.00	27.0	22	16	12	5	9	33	.222	1.15
Matusz, B 		1	4	2.94	49.0	38	18	16	5	20	56	.211	1.18
McGee, J 		1	2	2.41	37.1	27	11	10	3	8	48	.197	0.94
McGowan, D 		1	2	6.94	23.1	29	21	18	7	20	21	.296	2.10
McKirahan, A 		1	0	5.93	27.1	40	18	18	2	10	22	.345	1.83
Medina, Y 		1	0	4.71	21.0	23	12	11	2	11	16	.267	1.62
Mejia, J 		1	0	0.00	7.1	4	0	0	0	2	7	.167	0.82
Moreno, D 		1	0	5.23	10.1	9	6	6	1	3	8	.225	1.16
Moscot, J 		1	1	4.63	11.2	11	6	6	2	5	6	.250	1.37
Moylan, P 		1	0	3.48	10.1	12	5	4	1	0	8	.273	1.16
Nesbitt, A 		1	1	5.40	21.2	22	14	13	2	8	14	.265	1.38
Nicasio, J 		1	3	3.86	58.1	59	25	25	1	32	65	.263	1.56
Nolin, S 		1	2	5.28	29.0	35	19	17	4	12	15	.302	1.62
Nuno, V 		1	5	3.74	89.0	90	38	37	15	22	81	.264	1.26
O'Flaherty, E 		1	2	8.10	30.0	47	30	27	2	18	21	.343	2.17
O'Sullivan, S 		1	6	6.08	71.0	94	49	48	16	20	35	.322	1.61
Olmos, E 		1	0	4.50	14.0	16	8	7	1	8	4	.281	1.71
Olson, T 		1	1	5.40	13.1	18	8	8	2	10	8	.346	2.10
Osuna, R 		1	6	2.58	69.2	48	21	20	7	16	75	.191	0.92
Ottavino, A 		1	0	0.00	10.1	3	0	0	0	2	13	.094	0.48
Parra, M 		1	2	3.90	32.1	32	15	14	2	6	23	.264	1.18
Patton, S 		1	1	9.00	24.0	24	24	24	5	12	28	.261	1.50
Pestano, V 		1	0	5.40	11.2	15	9	7	3	8	13	.306	1.97
Petit, Y 		1	1	3.67	76.0	75	32	31	11	15	59	.256	1.18
Ramirez, J 		1	2	5.32	23.2	25	14	14	3	11	16	.266	1.52
Ramirez, J 		1	0	12.91	7.2	15	14	11	0	10	5	.385	3.26
Ramirez, N 		1	0	3.21	14.0	12	5	5	1	6	15	.231	1.29
Reyes, J 		1	0	0.00	0.1	0	0	0	0	0	0	.000	0.00
Riefenhauser, C 		1	0	5.52	14.2	15	10	9	3	7	7	.283	1.50
Roberts, K 		1	1	7.24	13.2	22	11	11	0	3	6	.379	1.83
Rodriguez, F 		1	3	2.21	57.0	38	15	14	6	11	62	.189	0.86
Rogers, E 		1	1	6.27	33.0	41	29	23	5	14	31	.306	1.67
Rondon, B 		1	0	5.81	31.0	31	22	20	3	19	36	.261	1.61
Rumbelow, N 		1	1	4.02	15.2	16	8	7	2	5	15	.254	1.34
Sadler, C 		1	0	3.60	5.0	4	2	2	1	1	5	.222	1.00
Schlitter, B 		1	2	7.36	7.1	12	6	6	2	2	4	.364	1.91
Solis, S 		1	1	3.38	21.1	25	11	8	2	4	17	.291	1.36
Stauffer, T 		1	0	6.97	20.2	32	18	16	6	9	14	.360	1.98
Stults, E 		1	5	5.85	47.2	48	31	31	10	13	31	.268	1.28
Thatcher, J 		1	3	3.18	22.2	23	8	8	1	12	26	.274	1.54
Thomas, I 		1	1	3.86	23.1	20	11	10	2	11	23	.235	1.33
Thompson, A 		1	3	5.01	32.1	32	19	18	2	11	17	.264	1.33
Tsao, C 		1	1	10.29	7.0	15	9	8	3	3	7	.441	2.57
Urena, J 		1	5	5.25	61.2	73	37	36	5	25	28	.307	1.59
Velasquez, V 		1	1	4.37	55.2	50	28	27	5	21	58	.240	1.28
Verrett, L 		1	2	3.59	47.2	34	20	19	6	15	39	.202	1.03
Villarreal, P 		1	3	3.42	50.0	57	24	19	6	12	29	.294	1.38
Wada, T 		1	1	3.62	32.1	30	14	13	5	11	31	.246	1.27
Webb, D 		1	0	6.30	30.0	41	26	21	3	22	22	.325	2.10
Webb, R 		1	0	3.20	50.2	46	21	18	4	12	31	.245	1.14
Webster, A 		1	1	5.81	31.0	32	28	20	10	20	17	.271	1.68
Whitley, C 		1	2	4.19	19.1	20	9	9	3	5	16	.260	1.29
Yates, K 		1	0	7.97	20.1	23	18	18	10	7	21	.274	1.48
Achter, A 		0	1	6.75	13.1	12	10	10	4	6	14	.231	1.35
Albers, A 		0	0	3.38	2.2	1	1	1	1	2	1	.111	1.13
Alexander, S 		0	0	4.50	6.0	5	3	3	0	3	3	.238	1.33
Almonte, M 		0	2	6.23	8.2	7	6	6	4	7	10	.212	1.62
Alvarez, H 		0	4	6.45	22.1	28	18	16	1	7	9	.311	1.57
Alvarez, R 		0	0	9.90	20.0	27	23	22	7	13	23	.318	2.00
Amarista, A 		0	0	0.00	0.1	0	0	0	0	0	0	.000	0.00
Armstrong, S 		0	0	2.25	8.0	5	2	2	1	2	11	.179	0.88
Aro, J 		0	1	6.97	10.1	15	8	8	2	4	8	.341	1.84
Asher, A 		0	6	9.31	29.0	42	30	30	8	10	16	.339	1.79
Aumont, P 		0	1	13.50	4.0	5	6	6	2	7	3	.313	3.00
Axelrod, D 		0	1	7.30	12.1	11	13	10	5	8	12	.220	1.54
Bailey, A 		0	1	5.19	8.2	9	8	5	2	5	6	.265	1.62
Bailey, H 		0	1	5.56	11.1	16	7	7	3	4	3	.340	1.76
Baker, S 		0	1	5.73	11.0	11	7	7	4	3	8	.262	1.27
Balfour, G 		0	0	6.23	4.1	3	3	3	1	4	0	.200	1.62
Barrios, Y 		0	0	0.00	6.2	3	0	0	0	0	7	.136	0.45
Bass, A 		0	0	4.50	64.0	66	33	32	5	20	45	.269	1.34
Beachy, B 		0	1	7.88	8.0	10	7	7	1	6	5	.313	2.00
Beck, C 		0	1	6.00	6.0	10	5	4	0	4	3	.385	2.33
Beeler, D 		0	1	9.72	8.1	14	11	9	0	7	7	.359	2.52
Belisario, R 		0	0	7.88	8.0	8	7	7	0	4	6	.250	1.50
Beliveau, J 		0	0	13.50	2.2	6	4	4	1	1	2	.429	2.63
Bochy, B 		0	0	0.00	3.0	1	0	0	0	1	3	.100	0.67
Bracho, S 		0	0	1.46	12.1	9	2	2	2	4	17	.200	1.05
Breslow, C 		0	4	4.15	65.0	69	33	30	12	23	46	.279	1.42
Brigham, J 		0	1	8.64	16.2	28	16	16	1	8	12	.384	2.16
Broadway, M 		0	2	5.19	17.1	20	10	10	1	7	13	.294	1.56
Buchanan, J 		0	0	2.00	9.0	5	2	2	1	4	5	.161	1.00
Burawa, D 		0	0	6.23	13.0	11	9	9	2	5	11	.239	1.23
Cabral, C 		0	0	0.00	1.0	0	0	0	0	1	1	.000	1.00
Campos, L 		0	0	9.00	1.0	1	1	1	0	1	1	.250	2.00
Capuano, C 		0	4	7.97	40.2	52	38	36	6	22	38	.310	1.82
Carpenter, D 		0	1	4.01	24.2	25	12	11	4	9	15	.269	1.38
Carpenter, D 		0	0	7.36	3.2	6	3	3	2	0	5	.353	1.64
Castro, A 		0	1	2.25	4.0	8	1	1	1	3	4	.444	2.75
Castro, M 		0	3	6.11	17.2	21	13	12	4	10	18	.296	1.75
Chamberlain, J 		0	2	4.88	27.2	38	20	15	6	9	23	.325	1.70
Chapman, K 		0	0	3.38	5.1	4	2	2	1	3	8	.211	1.31
Chen, B 		0	1	12.79	6.1	17	9	9	3	1	4	.500	2.84
Cingrani, T 		0	3	5.67	33.1	31	21	21	3	25	39	.250	1.68
Coke, P 		0	0	5.68	12.2	15	8	8	2	5	12	.300	1.58
Cole, A 		0	0	5.79	9.1	14	11	6	1	1	9	.341	1.61
Contreras, C 		0	0	4.82	28.0	22	16	15	3	20	19	.214	1.50
Cook, R 		0	2	18.69	8.2	20	19	18	4	7	6	.426	3.12
Cordier, E 		0	0	5.84	12.1	13	8	8	1	6	7	.271	1.54
Cornely, J 		0	0	36.00	1.0	3	4	4	1	1	1	.500	4.00
Correia, K 		0	3	6.56	23.1	37	23	17	4	8	14	.363	1.93
Coulombe, D 		0	0	5.63	16.0	17	10	10	0	9	11	.270	1.63
Cravy, T 		0	8	5.70	42.2	47	30	27	5	22	35	.281	1.62
Crockett, K 		0	0	4.08	17.2	17	9	8	1	7	15	.266	1.36
Davies, K 		0	0	0.00	2.1	3	0	0	0	0	2	.300	1.29
Davis, I 		0	0	0.00	2.0	1	0	0	0	1	1	.143	1.00
De Fratus, J 		0	2	5.51	80.0	92	52	49	9	32	68	.291	1.55
De Los Santos, A 		0	0	5.40	1.2	2	1	1	1	1	3	.286	1.80
De Paula, J 		0	0	2.70	3.1	2	1	1	1	4	2	.182	1.80
Decker, J 		0	0	0.00	1.0	2	0	0	0	0	0	.400	2.00
Deduno, S 		0	1	6.86	21.0	24	16	16	3	9	17	.293	1.57
Denorfia, C 		0	0	0.00	0.1	0	0	0	0	0	0	.000	0.00
Diaz, J 		0	1	2.37	19.0	16	6	5	2	6	18	.222	1.16
Drabek, K 		0	0	5.06	5.1	9	3	3	1	2	3	.375	2.06
Drake, O 		0	0	2.87	15.2	16	7	5	1	9	17	.262	1.60
Edwards, C 		0	0	3.86	4.2	3	3	2	0	3	4	.188	1.29
Edwards, J 		0	0	4.32	16.2	12	8	8	4	16	22	.211	1.68
Elmore, J 		0	0	9.00	1.0	3	1	1	1	0	0	.500	3.00
Eveland, D 		0	1	5.40	3.1	5	2	2	1	3	4	.357	2.40
Farmer, B 		0	4	7.36	40.1	53	35	33	10	17	24	.323	1.74
Faulkner, A 		0	0	2.79	9.2	8	3	3	2	3	10	.216	1.14
Feliz, M 		0	0	7.88	8.0	9	7	7	2	4	7	.273	1.63
Ferrell, J 		0	0	6.35	11.1	12	8	8	3	4	6	.267	1.41
Floyd, G 		0	0	2.70	13.1	11	4	4	0	4	7	.220	1.13
Francoeur, J 		0	0	9.00	2.0	1	2	2	1	3	1	.167	2.00
Franklin, N 		0	0	18.00	1.0	3	2	2	1	0	0	.500	3.00
Freeman, S 		0	0	3.05	38.1	31	13	13	4	25	40	.218	1.46
Friedrich, C 		0	4	5.25	58.1	75	37	34	5	25	45	.321	1.71
Fujikawa, K 		0	0	16.20	1.2	2	3	3	1	0	1	.286	1.20
Garces, F 		0	1	5.21	38.0	41	23	22	9	22	30	.281	1.66
Garcia, L 		0	0	0.00	1.0	1	0	0	0	0	1	.250	1.00
Gearrin, C 		0	0	4.91	3.2	1	2	2	0	1	5	.083	0.55
Gee, D 		0	3	5.90	39.2	55	29	26	5	11	25	.329	1.66
Germen, G 		0	0	4.42	38.2	41	19	19	4	26	33	.275	1.73
Gomes, J 		0	0	18.00	1.0	3	2	2	1	0	1	.600	3.00
Gonzales, M 		0	0	13.50	2.2	7	4	4	1	1	1	.500	3.00
Goody, N 		0	0	4.76	5.2	6	3	3	0	3	3	.273	1.59
Gray, J 		0	2	5.53	40.2	52	26	25	4	14	40	.319	1.62
Greenwood, N 		0	1	-.--	0.0	2	2	2	1	0	0	1.000	-
Gregg, K 		0	2	10.13	10.2	13	12	12	3	5	14	.289	1.69
Guaipe, M 		0	3	5.40	26.2	34	19	16	5	13	22	.330	1.76
Guerra, J 		0	0	0.00	1.2	2	0	0	0	1	0	.333	1.80
Guerra, J 		0	0	6.75	4.0	7	3	3	1	1	3	.412	2.00
Guilmet, P 		0	0	11.05	7.1	9	9	9	2	4	6	.310	1.77
Gurka, J 		0	0	9.39	7.2	16	8	8	1	2	7	.432	2.35
Hagadone, N 		0	1	4.28	27.1	30	16	13	3	12	28	.273	1.54
Hall, C 		0	0	6.48	8.1	10	6	6	1	4	7	.278	1.68
Hand, D 		0	0	0.00	3.0	2	0	0	0	1	3	.182	1.00
Hatley, M 		0	0	0.00	1.1	1	0	0	0	2	2	.200	2.25
Hessler, K 		0	1	8.03	12.1	16	11	11	4	4	12	.302	1.62
Hill, T 		0	0	3.75	12.0	14	5	5	2	4	9	.304	1.50
House, T 		0	4	13.15	13.0	21	19	19	1	12	7	.362	2.54
Houser, A 		0	0	0.00	2.0	1	0	0	0	2	0	.167	1.50
Huff, D 		0	0	9.00	6.0	11	6	6	2	1	4	.407	2.00
Hynes, C 		0	0	6.00	3.0	8	2	2	0	2	4	.500	3.33
Ibarra, E 		0	0	2.25	4.0	4	1	1	0	3	3	.250	1.75
Jackson, J 		0	0	6.23	4.1	7	3	3	0	1	4	.368	1.85
Jackson, L 		0	0	4.26	6.1	5	3	3	1	2	6	.200	1.11
Jaime, J 		0	1	6.75	1.1	0	1	1	0	4	1	.000	3.00
Jenkins, C 		0	0	4.91	3.2	3	2	2	1	3	2	.214	1.64
Jimenez, C 		0	0	3.13	23.0	17	8	8	2	8	25	.205	1.09
Johnson, B 		0	1	8.31	4.1	3	4	4	0	4	3	.214	1.62
Johnson, S 		0	0	10.13	5.1	8	6	6	2	5	3	.333	2.44
Jones, G 		0	0	0.00	0.2	0	0	0	0	1	0	.000	1.50
Jordan, T 		0	2	5.29	17.0	20	10	10	0	6	11	.290	1.53
Kahnle, T 		0	1	4.86	33.1	31	22	18	3	28	39	.250	1.77
Kelly, C 		0	2	7.94	11.1	19	13	10	1	3	7	.365	1.94
Kelly, R 		0	0	7.02	16.2	21	14	13	5	6	10	.313	1.62
Kintzler, B 		0	1	6.43	7.0	12	6	5	1	5	7	.387	2.43
Knebel, C 		0	0	3.22	50.1	44	18	18	8	17	58	.232	1.21
Knudson, G 		0	0	18.00	5.0	13	10	10	5	3	6	.464	3.20
Kohn, M 		0	0	0.00	4.2	0	0	0	0	6	4	.000	1.29
LaFromboise, B 		0	0	1.13	8.0	5	1	1	1	1	8	.179	0.75
LaRoche, A 		0	0	0.00	1.0	0	0	0	0	0	1	.000	0.00
Lazo, R 		0	0	3.18	5.2	5	2	2	1	2	5	.238	1.24
Leathersich, J 		0	1	2.31	11.2	12	3	3	0	7	14	.273	1.63
LeCure, S 		0	2	3.15	20.0	16	9	7	2	7	15	.216	1.15
Lee, C 		0	0	5.40	1.2	4	1	1	0	1	3	.444	3.00
Lee, Z 		0	1	13.50	4.2	11	7	7	1	1	3	.478	2.57
Leon, A 		0	2	4.39	26.2	30	14	13	3	9	19	.291	1.46
Leone, D 		0	5	8.40	15.0	19	15	14	2	9	9	.302	1.87
Lindgren, J 		0	0	5.14	7.0	5	4	4	3	4	8	.208	1.29
Logan, B 		0	3	4.33	35.1	40	17	17	3	17	44	.280	1.61
Luetge, L 		0	0	0.00	2.1	0	0	0	0	2	2	.000	0.86
Marimon, S 		0	1	7.36	25.2	30	21	21	3	14	14	.300	1.71
Mariot, M 		0	0	3.00	3.0	2	1	1	1	2	1	.200	1.33
Marksberry, M 		0	3	5.01	23.1	22	16	13	2	16	21	.247	1.63
Marshall, E 		0	2	6.08	13.1	20	9	9	3	5	7	.357	1.88
Martin, C 		0	2	5.66	20.2	28	13	13	2	6	18	.304	1.65
Mazzaro, V 		0	0	3.75	12.0	15	6	5	0	6	6	.319	1.75
Mazzoni, C 		0	0	20.77	8.2	23	22	20	2	5	8	.489	3.23
McGough, S 		0	0	9.45	6.2	12	7	7	0	4	4	.387	2.40
Mendez, R 		0	1	5.27	13.2	14	8	8	2	8	10	.286	1.61
Meyer, A 		0	0	16.88	2.2	4	5	5	2	3	3	.364	2.63
Mills, B 		0	0	5.40	5.0	7	3	3	1	1	1	.333	1.60
Mitchell, B 		0	2	6.37	29.2	37	24	21	4	16	29	.296	1.79
Montas, F 		0	2	4.80	15.0	14	8	8	1	9	20	.246	1.53
Montero, R 		0	1	4.50	10.0	9	6	5	0	5	13	.225	1.40
Moore, T 		0	0	0.00	0.2	0	0	0	0	0	0	.000	0.00
Morris, A 		0	0	67.50	0.2	3	5	5	1	3	0	.600	9.00
Murata, T 		0	1	8.10	3.1	4	5	3	2	1	2	.267	1.50
Murphy, D 		0	0	0.00	0.1	2	5	0	1	1	0	.500	9.00
Murray, C 		0	1	5.87	7.2	11	5	5	2	2	9	.314	1.70
Nathan, J 		0	0	0.00	0.1	0	0	0	0	0	1	.000	0.00
Noesi, H 		0	4	6.89	32.2	41	26	25	7	17	22	.301	1.78
O'Rourke, R 		0	0	6.14	22.0	16	15	15	3	15	24	.200	1.41
Ogando, N 		0	0	9.00	4.0	7	5	4	0	2	2	.368	2.25
Pazos, J 		0	0	0.00	5.0	3	0	0	0	3	3	.176	1.20
Peacock, B 		0	1	5.40	5.0	5	3	3	0	2	3	.278	1.40
Pimentel, S 		0	1	3.97	11.1	11	5	5	1	3	7	.268	1.24
Pinder, B 		0	2	2.93	27.2	28	9	9	4	14	25	.262	1.52
Pino, Y 		0	2	3.26	19.1	23	8	7	2	3	13	.291	1.34
Raburn, R 		0	0	0.00	0.2	1	2	0	0	1	0	.333	3.00
Ramirez, A 		0	0	0.00	1.0	1	0	0	0	0	0	.250	1.00
Ramirez, N 		0	1	4.15	13.0	13	12	6	3	7	13	.250	1.54
Ranaudo, A 		0	1	7.63	15.1	18	13	13	2	8	11	.295	1.70
Rasmus, C 		0	0	5.23	20.2	15	12	12	3	11	27	.200	1.26
Rearick, C 		0	0	12.00	3.0	6	4	4	2	2	4	.462	2.67
Redmond, T 		0	0	7.31	16.0	17	13	13	3	7	13	.266	1.50
Reed, C 		0	0	4.50	4.0	6	2	2	0	1	1	.375	1.75
Reynolds, M 		0	0	4.61	13.2	14	7	7	6	7	18	.259	1.54
Rienzo, A 		0	1	5.95	19.2	17	14	13	2	13	15	.230	1.53
Rivera, R 		0	0	-.--	0.0	0	0	0	0	0	0	-	-
Roach, D 		0	1	10.80	3.1	8	4	4	0	1	1	.471	2.70
Robinson, C 		0	0	0.00	1.0	1	0	0	0	0	1	.250	1.00
Robinson, S 		0	0	0.00	1.0	0	0	0	0	1	1	.000	1.00
Rodriguez, P 		0	0	2.61	10.1	10	3	3	0	3	8	.263	1.26
Rollins, D 		0	2	7.56	25.0	37	21	21	3	8	21	.346	1.80
Romero, E 		0	2	5.10	30.0	39	18	17	1	13	31	.312	1.73
Romo, S 		0	5	2.98	57.1	51	20	19	3	10	71	.235	1.06
Rondon, J 		0	1	13.19	14.1	28	26	21	3	9	9	.389	2.58
Rosales, A 		0	0	9.00	2.0	2	3	2	2	1	1	.250	1.50
Rosin, S 		0	0	22.50	2.0	7	5	5	1	1	0	.636	4.00
Ross, R 		0	2	3.86	60.2	59	28	26	7	20	53	.254	1.30
Ross, D 		0	0	0.00	2.0	0	0	0	0	0	0	.000	0.00
Rucinski, D 		0	2	7.71	7.0	10	6	6	1	6	4	.357	2.29
Russell, J 		0	2	5.29	34.0	42	24	20	3	9	20	.307	1.50
Ryan, B 		0	0	0.00	2.0	2	0	0	0	0	0	.250	1.00
Santos, S 		0	0	4.96	16.1	16	9	9	3	7	18	.246	1.41
Schugel, A 		0	0	5.00	9.0	17	13	5	2	5	5	.370	2.44
Schultz, B 		0	1	3.56	43.0	32	19	17	7	14	31	.205	1.07
Smith, C 		0	0	33.75	1.1	5	5	5	0	3	2	.556	6.00
Smith, J 		0	4	6.89	32.2	42	27	25	5	21	30	.316	1.93
Soto, G 		0	0	0.00	3.1	3	0	0	0	0	0	.231	0.90
Stammen, C 		0	0	0.00	4.0	2	0	0	0	3	3	.154	1.25
Stites, M 		0	0	12.46	8.2	14	14	12	1	5	6	.368	2.19
Straily, D 		0	1	5.40	16.2	16	11	10	2	8	14	.239	1.44
Sucre, J 		0	0	13.50	2.0	6	3	3	1	0	0	.545	3.00
Surkamp, E 		0	0	10.80	3.1	4	4	4	2	1	4	.308	1.50
Suzuki, I 		0	0	9.00	1.0	2	1	1	0	0	0	.400	2.00
Swarzak, A 		0	0	3.38	13.1	18	9	5	1	4	13	.316	1.65
Teaford, E 		0	0	1.59	5.2	5	1	1	0	3	4	.250	1.41
Tepera, R 		0	2	3.27	33.0	23	14	12	8	6	22	.193	0.88
Thielbar, C 		0	0	5.40	5.0	5	3	3	0	0	5	.263	1.00
Thornburg, T 		0	2	3.67	34.1	31	22	14	7	12	34	.231	1.25
Tonkin, M 		0	0	3.47	23.1	21	9	9	4	9	19	.239	1.29
Torres, A 		0	0	3.15	34.1	26	16	12	6	26	35	.206	1.51
Tracy, M 		0	0	0.00	2.0	2	3	0	0	2	1	.222	2.00
Tuivailala, S 		0	1	3.07	14.2	13	5	5	2	8	20	.228	1.43
Valdez, J 		0	1	4.00	9.0	10	4	4	2	4	4	.286	1.56
Varvaro, A 		0	1	4.09	11.0	14	5	5	0	6	8	.311	1.82
Veal, D 		0	0	14.54	4.1	8	7	7	3	2	3	.400	2.31
Vincent, N 		0	1	2.35	23.0	25	8	6	0	10	22	.281	1.52
Volstad, C 		0	0	0.00	2.0	2	0	0	0	0	0	.286	1.00
Wagner, T 		0	2	7.24	13.2	22	11	11	1	7	5	.386	2.12
Walden, J 		0	1	0.87	10.1	7	1	1	0	4	12	.189	1.06
Weber, R 		0	3	4.76	28.1	25	15	15	3	6	19	.248	1.09
West, M 		0	0	0.00	3.0	2	0	0	0	1	2	.200	1.00
Wieland, J 		0	1	8.31	8.2	10	8	8	2	5	4	.294	1.73
Wilk, A 		0	0	4.50	2.0	2	1	1	1	1	2	.250	1.50
Wilson, J 		0	0	9.00	1.0	2	1	1	1	0	0	.500	2.00
Winkler, D 		0	0	10.80	1.2	2	2	2	2	1	2	.286	1.80
Wojciechowski, A 		0	1	7.16	16.1	23	13	13	2	7	16	.329	1.84
Wolf, R 		0	5	6.23	34.2	46	28	24	5	15	28	.319	1.76
Wooten, R 		0	0	12.00	6.0	5	8	8	1	6	6	.227	1.83
Wright, W 		0	0	3.68	7.1	6	4	3	1	3	5	.231	1.23
Ziegler, B 		0	3	1.85	68.0	48	17	14	3	17	36	.198	0.96
Zito, B 		0	0	10.29	7.0	12	8	8	4	6	2	.387	2.57
Zych, T 		0	0	2.45	18.1	17	6	5	1	3	24	.239	1.09
