Joke_Index	Word_Count	Curse_Count	Exclamation_Count	Worthwhile
1	10	0	0	0
2	14	1	0	1
3	9	0	0	1
4	17	0	0	1
5	19	0	0	0
6	13	0	0	1
7	49	0	1	0
8	129	0	0	1
9	18	0	0	1
10	167	1	1	1
11	11	0	1	1
12	11	0	0	1
13	17	0	0	0
14	7	0	0	0
15	12	0	0	0
16	26	0	0	0
17	54	0	0	0
18	13	0	0	0
19	19	0	0	1
20	33	2	0	1
21	12	0	0	1
22	56	4	0	1
23	24	0	2	1
24	21	1	0	1
25	26	1	0	1
26	22	0	0	1
27	7	0	0	0
28	18	1	1	1
29	5	2	0	1
30	14	0	0	1
31	13	0	0	0
32	18	1	0	0
33	14	0	0	0
34	13	0	0	0
35	157	0	3	0
36	16	2	0	0
37	20	0	0	1
38	12	0	0	0
39	22	0	0	0
40	22	1	0	0
41	14	1	1	0
42	18	0	0	0
43	22	0	0	0
44	18	0	0	1
45	21	1	0	0
46	15	0	0	1
47	18	0	0	1
48	12	0	0	0
49	16	1	1	1
50	15	1	0	1
51	17	0	0	0
52	8	0	0	0
53	19	0	0	0
54	7	0	0	1
55	23	0	0	0
56	9	0	0	0
57	13	0	0	0
58	14	0	0	0
59	14	0	0	0
60	14	0	0	0
61	16	1	0	0
62	18	0	0	0
63	13	0	0	0
64	19	0	0	1
65	16	0	0	0
66	15	0	1	0
67	9	0	0	0
68	20	1	0	1
69	16	0	0	0
70	17	0	0	0
71	15	0	0	0
72	34	1	0	0
73	20	0	0	0
74	12	0	0	0
75	19	0	0	0
76	18	0	0	0
77	12	0	0	0
78	21	1	0	1
79	11	0	0	0
80	17	1	0	0
81	14	0	0	0
82	10	0	0	0
83	13	0	0	0
84	10	0	0	0
85	16	1	0	0
86	13	0	1	0
87	10	0	0	0
88	11	0	0	0
89	22	1	0	0
90	23	1	2	0
91	9	0	0	0
92	20	0	1	1
93	12	0	0	0
94	14	0	0	0
95	21	0	0	1
96	11	0	0	1
97	19	0	0	0
98	15	0	0	0
99	11	0	0	0
100	17	0	0	0
101	11	0	0	1
102	12	1	0	1
103	11	0	0	0
104	16	0	0	0
105	12	0	0	1
106	25	0	0	1
107	17	0	0	0
108	16	0	0	0
109	19	1	0	1
110	12	0	0	0
111	21	0	0	0
112	31	0	0	0
113	16	1	0	1
114	17	0	0	1
115	14	1	0	1
116	8	1	0	0
117	20	0	0	0
118	13	0	0	0
119	16	0	0	0
120	16	0	0	0
121	13	0	0	0
122	10	0	0	1
123	26	0	0	0
124	18	0	0	0
125	22	1	0	0
126	6	0	0	1
127	10	0	0	0
128	13	0	0	0
129	12	0	0	0
130	8	0	0	0
131	11	0	0	0
132	15	0	0	0
133	12	0	0	0
134	9	0	0	0
135	9	0	0	0
136	9	0	1	0
137	12	0	0	0
138	14	1	0	0
139	16	0	0	0
140	12	0	0	0
141	15	0	0	0
142	15	0	0	0
143	14	0	0	0
144	8	0	0	0
145	15	0	0	0
146	19	1	2	0
147	21	0	0	0
148	10	0	0	0
149	28	0	1	0
150	14	0	0	0
151	20	1	0	0
152	13	1	0	0
153	17	0	0	0
154	17	1	0	0
155	8	2	0	0
156	20	0	0	1
157	11	0	0	0
158	22	0	1	1
159	22	1	0	0
160	14	0	0	0
161	8	0	0	1
162	11	0	0	0
163	11	1	0	1
164	15	0	0	0
165	19	0	0	0
166	14	1	1	1
167	18	0	0	0
168	11	0	0	1
169	11	0	0	0
170	17	0	0	0
171	12	0	0	0
172	14	0	0	0
173	12	0	0	0
174	19	0	0	0
175	22	0	0	0
176	16	0	0	0
177	44	0	1	0
178	24	0	0	0
179	40	0	1	0
180	23	1	0	0
181	12	0	0	1
182	14	0	0	1
183	11	0	0	0
184	27	0	0	0
185	16	0	0	0
186	17	1	1	0
187	17	0	1	0
188	17	0	0	1
189	11	1	0	0
190	9	0	0	0
191	13	0	0	0
192	15	0	0	0
193	17	0	0	0
194	13	1	0	0
195	15	0	0	0
196	16	0	0	0
197	15	0	0	0
198	13	0	0	0
199	24	1	0	0
200	23	0	0	0
201	11	0	0	0
202	12	0	0	0
203	15	0	0	0
204	15	0	0	0
205	17	0	0	0
206	22	0	0	0
207	20	0	0	0
208	17	0	0	0
209	21	1	0	0
210	26	0	0	0
211	20	0	0	0
212	25	0	0	0
213	16	0	0	0
214	18	0	0	0
215	11	0	0	0
216	17	0	0	0
217	10	0	0	0
218	13	1	0	0
219	11	0	1	1
220	20	0	0	0
221	24	0	0	0
222	15	0	0	0
223	16	0	0	0
224	18	0	0	0
225	21	0	1	0
226	21	1	0	0
227	19	0	0	0
228	21	1	0	0
229	23	0	0	0
230	23	0	0	0
231	11	0	0	0
232	19	0	0	1
233	57	0	1	0
234	11	0	0	0
235	28	1	0	0
236	16	0	0	0
237	20	1	1	0
238	19	1	0	0
239	202	8	3	1
240	15	0	0	1
241	15	0	0	0
242	17	0	0	0
243	40	0	0	1
244	19	1	0	1
245	22	0	0	0
246	8	1	1	0
247	105	1	1	0
248	31	0	0	0
249	47	0	1	1
250	34	0	0	1
251	24	0	0	0
252	10	0	1	1
253	33	2	0	1
254	12	0	0	1
255	15	0	0	1
256	22	0	0	1
257	21	0	0	0
258	14	0	0	0
259	12	0	0	0
260	11	0	1	1
261	42	0	1	0
262	49	0	0	0
263	16	0	0	0
264	16	0	0	0
265	30	0	0	0
266	17	0	0	0
267	12	0	0	0
268	76	0	0	0
269	17	0	0	0
270	16	0	0	0
271	18	0	0	0
272	41	0	5	1
273	15	0	0	0
274	13	1	0	0
275	15	0	0	0
276	18	0	0	0
277	25	0	0	0
278	26	0	0	0
279	35	0	0	0
280	41	0	0	0
281	30	0	0	1
282	23	1	0	1
283	22	0	0	1
284	24	0	1	0
285	15	0	0	0
286	29	1	0	0
287	17	0	0	0
288	12	1	0	0
289	7	0	0	0
290	9	0	0	0
291	9	0	0	0
292	12	1	0	0
293	23	1	0	0
294	18	0	0	0
295	10	1	0	0
296	26	0	1	0
297	21	0	0	0
298	20	0	0	1
299	9	0	0	1
300	19	0	0	1
301	17	1	0	0
302	11	1	0	0
303	30	1	0	0
304	32	1	0	0
305	11	0	0	0
306	21	0	0	1
307	15	0	0	0
308	14	0	0	0
309	31	0	0	0
310	15	0	0	0
311	18	0	0	0
312	28	0	0	0
313	17	1	0	0
314	26	0	2	1
315	15	0	0	0
316	21	0	0	0
317	23	0	0	1
318	16	0	0	0
319	20	0	1	1
320	14	0	0	0
321	19	0	0	0
322	20	0	0	0
323	25	0	0	0
324	1	0	0	0
325	26	0	0	1
326	20	0	0	0
327	18	0	0	0
328	10	0	0	0
329	15	0	0	0
330	16	0	0	0
331	19	1	0	0
332	14	0	0	0
333	18	0	0	0
334	13	0	0	0
335	29	0	0	0
336	16	0	0	0
337	12	0	0	0
338	16	0	0	0
339	27	0	0	1
340	19	0	0	1
341	29	0	0	1
342	16	1	0	0
343	16	0	0	0
344	14	1	0	0
345	28	0	0	0
346	14	0	0	0
347	17	0	0	0
348	18	0	0	0
349	19	0	0	0
350	18	0	0	1
351	15	0	0	0
352	11	1	0	0
353	17	0	0	0
354	13	0	0	0
355	19	0	1	0
356	15	0	0	0
357	15	0	0	0
358	14	0	0	0
359	13	1	0	0
360	14	0	0	0
361	22	0	0	0
362	16	0	0	0
363	26	0	0	0
364	16	0	0	0
365	13	3	0	1
366	18	0	0	0
367	13	0	0	0
368	9	0	0	0
369	13	0	0	0
370	18	0	0	0
371	21	0	0	0
372	11	0	0	0
373	9	0	0	0
374	21	0	0	1
375	17	0	0	1
376	13	0	0	0
377	10	1	0	0
378	12	0	0	1
379	10	0	0	0
380	11	0	0	0
381	18	0	0	1
382	15	0	0	0
383	15	1	0	0
384	15	1	0	0
385	25	2	0	0
386	10	0	0	0
387	23	0	0	0
